50
0 17
0 29
0 41
0 43
0 43
10 11
10 32
11 43
11 48
1 17
12 39
1 3
13 10
1 32
13 43
14 24
14 34
14 34
14 42
1 46
1 5
15 22
15 27
15 27
15 36
15 8
16 26
16 8
17 14
17 19
17 19
17 31
17 42
18 11
18 13
18 20
18 26
18 4
18 46
19 21
19 3
19 44
20 12
20 15
20 45
21 18
21 24
21 28
21 47
21 49
22 40
2 29
23 12
23 29
23 46
23 6
23 9
24 12
24 19
24 48
2 47
25 22
25 31
25 5
26 13
26 13
26 40
26 44
27 12
27 34
27 9
28 14
28 18
28 22
28 26
28 34
28 37
29 17
29 28
29 32
29 40
29 46
30 1
30 11
30 31
30 32
30 41
31 23
31 46
31 49
32 19
33 20
33 6
34 38
3 47
35 17
35 43
36 0
36 20
36 22
36 26
36 33
36 4
36 9
37 1
37 24
37 29
37 34
38 13
38 28
38 29
39 15
39 44
39 5
40 34
40 44
40 6
41 36
41 43
42 11
42 17
42 36
42 37
4 26
43 24
43 35
43 49
44 33
4 5
45 18
45 24
45 32
45 40
45 8
46 17
46 49
49 2
49 4
49 40
49 40
5 21
5 28
5 36
6 17
6 2
6 37
6 43
7 13
7 25
7 47
8 22
8 32
8 37
9 40
