500
0 17
0 212
0 231
0 239
0 250
0 255
0 297
0 364
0 443
0 465
0 477
0 486
100 120
100 130
100 187
100 27
100 31
101 121
101 137
101 173
10 120
101 244
101 293
101 345
101 363
101 427
101 440
101 440
101 457
101 464
101 477
10 15
10 219
102 239
102 24
10 226
102 278
102 286
10 229
102 344
102 365
102 370
102 375
102 382
102 389
102 413
102 423
102 43
102 471
102 9
10 291
102 95
103 1
103 197
103 200
103 226
103 274
103 336
103 383
103 450
103 49
10 368
103 79
103 8
10 40
10 404
104 150
10 418
104 188
104 220
104 237
104 250
104 251
104 272
104 287
104 330
104 424
104 437
104 438
104 473
104 479
104 6
105 111
105 122
105 138
105 197
105 211
105 212
105 299
105 351
105 366
105 373
105 38
105 418
105 438
105 50
105 87
105 88
106 142
106 155
106 234
106 335
106 461
106 47
106 478
106 54
106 80
106 86
107 142
107 145
107 16
107 165
107 178
107 234
107 245
107 258
107 30
107 348
107 424
107 434
107 47
107 491
107 63
108 101
108 111
108 13
108 199
108 2
108 213
108 266
108 380
108 439
108 74
108 95
108 97
108 99
109 104
109 127
109 138
109 171
109 193
109 221
109 280
109 294
109 304
109 388
109 4
109 423
109 462
109 5
109 78
109 80
1 101
110 272
110 307
110 346
110 37
110 38
110 384
110 391
110 457
110 459
110 464
110 77
110 9
111 122
111 124
111 144
11 120
111 232
111 232
111 268
111 30
111 359
111 383
111 405
111 438
111 441
111 60
111 73
11 179
11 18
11 193
112 107
112 113
11 223
112 247
112 268
112 291
112 342
112 388
112 407
112 496
11 250
11 278
113 125
113 136
113 172
113 189
1 132
113 213
113 229
11 323
113 256
113 321
113 328
113 332
113 374
11 34
113 406
113 440
113 461
113 57
1 136
11 361
11 377
113 77
11 381
11 397
11 408
114 145
114 183
11 419
114 21
114 221
114 233
114 260
114 303
11 433
114 365
114 395
114 453
11 478
115 116
115 141
115 214
115 241
115 275
11 53
115 387
115 396
115 412
115 417
115 462
115 462
115 470
115 471
115 65
115 68
115 72
116 144
116 180
1 162
116 20
116 20
116 201
116 206
116 233
116 323
116 446
11 65
116 86
117 10
117 277
117 278
117 332
117 390
117 400
117 462
117 483
117 496
117 86
118 142
118 149
118 254
118 267
118 278
118 326
118 352
118 394
118 41
118 423
118 495
118 52
118 84
11 90
119 10
119 100
119 104
119 115
119 144
119 159
119 226
119 249
119 260
119 292
119 331
119 432
119 444
119 493
119 56
1 197
119 77
119 99
120 15
120 176
120 179
120 230
120 255
120 274
120 291
120 316
120 324
120 338
120 340
120 350
120 360
120 436
120 447
120 9
121 115
121 123
121 13
121 130
121 158
121 202
121 208
121 226
121 299
121 302
121 325
121 347
121 368
121 369
121 372
121 373
121 390
121 402
121 426
121 428
121 69
121 85
12 19
12 201
12 209
122 126
122 165
122 191
12 228
122 282
122 374
122 381
122 387
122 418
12 243
122 55
122 66
12 270
12 287
123 222
123 224
123 234
12 325
123 265
123 312
123 340
123 35
123 380
123 385
123 397
123 437
123 451
123 468
12 35
123 53
123 55
12 362
124 10
124 109
124 13
124 152
124 210
124 231
12 425
124 287
124 368
124 433
124 466
124 490
124 55
12 459
124 62
124 63
1 247
125 149
125 157
125 253
125 349
125 392
12 54
125 453
125 56
125 60
126 131
126 186
126 194
126 275
126 282
126 3
126 319
126 438
126 68
126 75
126 82
126 96
127 172
127 18
127 274
127 401
127 407
127 414
127 447
127 479
127 498
1 275
128 127
128 166
128 181
128 296
128 31
128 310
128 355
128 418
12 86
129 12
129 204
129 221
129 228
129 231
129 252
129 263
129 269
129 301
129 367
129 4
129 429
129 463
129 48
129 480
1 297
130 12
130 136
130 154
130 164
130 177
130 19
130 228
130 230
130 271
130 290
130 325
130 344
130 406
130 44
130 457
130 459
131 108
131 14
131 184
13 124
131 267
131 286
131 288
131 332
131 39
131 393
131 444
131 445
131 477
13 167
13 184
13 209
132 156
132 176
132 196
132 204
132 225
132 232
132 249
132 290
132 418
132 486
1 327
132 86
133 134
133 166
133 169
133 202
133 223
133 226
133 258
133 262
133 353
133 37
133 413
13 347
133 475
133 54
1 338
133 97
13 404
13 410
134 122
134 136
134 164
134 230
134 374
134 394
134 426
134 449
134 459
134 53
13 467
13 482
134 82
134 92
135 121
135 148
135 168
135 208
135 261
135 285
135 363
135 415
135 43
135 472
135 48
136 111
136 117
136 122
136 129
136 162
136 182
136 186
136 215
136 218
136 246
136 290
136 295
136 456
136 60
136 94
137 0
137 140
137 182
137 197
137 231
137 258
137 269
137 298
137 32
137 394
137 397
137 409
137 420
137 435
137 450
137 453
137 477
1 378
138 143
138 159
138 22
138 33
138 368
13 84
138 59
138 62
138 66
138 69
139 117
139 215
139 285
139 328
139 329
139 365
139 408
139 420
139 442
139 477
139 479
139 483
139 72
139 77
140 1
140 131
140 159
140 230
140 243
140 269
140 27
140 288
140 306
140 318
140 333
140 34
140 438
140 8
141 141
141 158
141 191
141 208
141 236
141 260
141 285
141 290
14 130
141 309
141 342
141 468
1 419
142 231
142 288
142 329
142 334
142 340
142 404
142 499
14 281
14 301
143 245
143 265
143 309
143 361
143 489
143 494
1 435
143 52
143 56
143 77
143 85
144 100
144 102
14 414
144 181
144 211
144 216
144 233
144 270
144 273
144 290
144 325
144 35
144 404
144 497
14 451
144 53
14 497
145 120
145 135
145 149
145 173
14 52
145 204
145 25
145 257
145 332
145 441
145 466
145 47
145 483
145 488
146 10
146 147
146 18
146 188
146 200
146 229
146 299
146 30
146 350
1 464
146 400
146 421
146 433
146 435
146 466
146 471
146 89
147 177
147 235
147 308
147 371
147 403
148 147
148 189
148 23
148 248
148 256
148 288
148 333
148 333
148 420
148 421
148 438
148 440
149 127
149 170
149 192
149 212
149 221
149 226
149 242
149 327
149 408
149 418
149 452
149 479
14 97
150 1
150 116
150 146
150 222
150 232
150 236
150 243
150 257
150 301
150 363
150 389
150 407
150 430
150 460
150 484
150 67
151 0
151 110
151 115
151 133
15 125
151 294
151 379
151 454
151 491
151 59
152 116
152 124
152 226
152 227
152 314
152 37
152 416
152 434
152 444
152 6
15 262
152 67
152 80
153 107
153 148
153 179
153 20
153 234
153 24
153 284
153 313
15 335
153 351
153 414
153 42
153 494
15 359
153 59
15 372
154 118
154 126
154 162
154 22
154 242
154 275
154 281
154 300
154 333
154 391
154 409
154 43
154 434
154 467
155 120
155 177
155 237
155 249
155 261
155 265
155 283
155 30
155 334
155 365
155 69
156 105
156 217
156 229
156 234
156 338
156 343
156 346
156 383
156 384
156 407
156 430
157 125
157 131
157 139
157 151
157 154
157 176
157 224
157 225
157 249
157 327
157 350
157 379
157 392
157 394
157 407
157 453
157 455
157 498
157 92
158 154
158 18
158 209
158 242
158 285
158 340
158 386
158 391
158 412
158 446
158 81
158 92
159 109
159 121
159 136
159 146
159 225
159 26
159 268
159 292
159 310
159 341
159 353
159 450
159 479
159 52
160 177
160 222
160 241
160 293
160 367
160 388
160 70
160 72
161 132
161 15
161 247
161 287
161 354
161 363
161 371
161 380
161 463
161 480
161 55
16 197
16 210
162 138
162 148
162 16
162 223
162 235
162 253
162 263
162 313
162 323
162 377
162 400
162 430
16 248
16 305
163 109
163 12
163 156
163 214
163 221
163 226
163 238
16 324
163 309
163 352
163 386
163 404
163 444
16 352
16 366
16 392
16 395
164 121
164 135
164 15
164 160
164 167
16 422
164 233
164 26
164 330
164 333
164 360
164 4
164 429
164 6
16 475
16 483
164 84
164 96
165 131
165 247
165 268
165 32
165 33
165 355
165 411
165 413
165 437
165 46
165 66
165 76
165 85
166 133
166 145
166 176
166 184
166 206
166 302
166 311
166 315
166 400
167 105
167 113
167 162
167 172
167 274
167 285
167 306
167 320
167 424
167 433
167 434
167 44
167 440
167 492
167 493
16 81
168 187
168 21
168 23
168 338
168 344
16 84
168 43
168 430
168 441
168 447
168 448
168 462
168 495
168 92
169 153
169 165
169 188
169 225
169 235
169 240
169 368
169 388
169 42
169 433
169 455
169 55
169 96
170 135
170 161
170 199
170 22
170 276
170 298
170 300
170 316
170 317
170 342
170 383
170 400
170 428
170 83
17 100
171 106
171 167
171 209
17 132
171 375
171 381
171 400
171 407
171 431
17 157
17 16
171 62
17 180
1 72
17 21
172 104
17 216
172 292
172 376
172 44
172 457
172 473
17 266
172 69
17 281
172 81
172 88
173 101
173 113
173 13
173 141
173 163
173 177
173 236
17 324
173 248
173 262
173 278
173 305
173 306
173 324
17 337
173 375
173 408
173 438
173 444
173 52
17 364
173 83
17 396
17 4
174 132
174 133
174 155
174 175
17 42
174 227
174 233
174 262
174 262
174 29
174 30
174 316
174 317
174 321
174 339
174 365
174 409
174 463
174 80
17 491
17 492
175 149
175 162
175 276
175 278
175 285
175 293
175 328
175 329
175 388
175 427
175 435
175 458
175 95
176 116
176 248
176 408
176 411
17 65
176 70
177 108
177 122
177 185
177 231
177 271
177 291
177 298
177 385
177 462
177 471
178 116
178 199
178 223
178 229
178 243
178 311
178 33
178 360
178 371
178 423
178 43
178 64
178 73
1 79
17 9
179 26
179 273
179 303
179 368
179 377
179 399
179 494
179 68
179 79
180 103
180 128
180 139
180 190
180 291
180 318
180 334
180 345
180 390
180 482
180 62
18 104
18 110
181 19
181 193
181 227
181 251
181 261
181 294
181 329
181 361
18 138
181 402
181 498
182 11
182 112
182 121
182 152
182 19
182 204
182 226
18 235
182 380
182 387
182 435
182 479
182 485
182 497
182 90
18 295
183 175
183 180
183 238
183 248
183 256
183 30
183 388
183 424
183 428
183 437
183 445
183 478
18 375
183 9
18 398
1 84
18 407
18 407
184 179
184 186
184 217
184 275
184 303
184 324
18 436
184 404
184 425
184 434
184 45
184 451
18 448
184 483
184 59
18 492
184 95
185 123
185 138
185 248
185 257
185 281
185 300
185 326
185 435
185 448
185 454
186 117
186 161
186 187
186 2
186 210
186 228
186 239
186 244
186 291
186 359
186 396
186 485
186 57
186 67
186 77
187 103
187 190
187 206
187 212
187 234
187 237
187 322
187 360
187 398
187 412
187 45
187 469
187 97
18 80
188 106
188 13
188 17
188 19
188 195
188 217
188 221
188 243
188 276
188 400
188 411
188 423
188 433
188 48
188 481
189 108
189 232
189 293
189 298
189 317
189 414
190 120
190 164
190 173
190 272
190 272
190 298
190 452
190 458
190 495
190 74
19 10
191 127
191 196
191 230
191 231
191 282
191 336
191 388
191 390
191 402
191 468
191 481
191 5
19 16
19 174
192 102
192 264
192 276
192 303
192 354
192 40
192 478
192 52
19 275
19 29
19 294
19 299
193 141
193 160
193 196
193 199
193 22
193 25
193 280
193 291
19 345
193 458
193 490
19 366
193 93
19 406
194 157
194 185
194 207
194 213
194 27
194 270
194 294
194 300
194 404
194 415
19 443
194 442
194 472
19 464
195 158
195 200
195 211
195 220
195 256
195 287
195 322
195 386
195 394
195 403
195 58
195 66
195 67
196 134
196 141
196 179
196 182
196 259
196 314
196 411
196 452
196 483
196 497
197 112
197 173
197 193
197 194
197 208
197 261
197 39
197 398
197 421
197 43
19 75
197 78
198 122
198 275
198 372
198 384
198 413
198 439
198 442
198 466
198 496
198 496
198 52
199 122
199 132
199 14
199 85
200 10
200 148
200 192
200 214
200 219
200 304
200 325
200 385
200 424
200 425
200 434
200 59
200 64
201 185
201 217
201 233
201 234
201 288
201 290
201 395
201 453
201 482
201 50
20 208
20 214
202 163
202 19
20 220
202 219
202 253
202 267
202 309
202 39
202 397
202 432
20 266
202 71
20 298
203 117
203 128
203 143
203 175
20 32
203 235
203 255
203 266
203 321
203 38
20 342
20 345
203 493
20 359
20 360
203 69
203 78
20 393
20 410
204 127
204 177
204 263
20 43
20 436
204 413
204 44
204 472
204 49
20 473
20 482
205 108
205 114
205 118
205 177
205 191
205 266
205 28
205 336
205 421
205 427
205 448
205 6
205 66
205 74
206 116
206 120
206 136
206 182
206 198
206 280
206 65
207 138
207 153
207 161
207 214
207 265
207 305
207 328
207 340
207 349
207 351
207 385
207 393
207 393
207 41
207 438
207 488
207 61
207 76
207 81
207 84
207 84
207 95
208 114
208 231
208 278
208 367
208 4
208 417
208 469
208 479
208 488
208 490
208 95
209 194
209 381
209 382
209 393
209 423
209 425
209 436
209 45
209 496
209 499
210 109
210 122
210 28
210 32
210 322
210 348
210 375
210 405
210 416
210 462
210 467
2 105
2 105
210 94
211 142
21 125
21 13
211 310
211 311
211 323
211 327
211 348
211 35
211 45
211 455
21 159
21 166
21 18
21 209
212 155
21 220
212 229
212 238
212 302
212 362
212 370
212 423
21 282
2 130
213 125
213 129
213 166
213 176
213 18
213 182
213 244
213 258
213 265
213 282
213 396
213 396
213 421
213 429
213 81
21 383
213 89
213 93
214 167
214 256
214 281
214 281
214 286
21 431
214 344
214 373
2 144
214 44
214 485
21 46
214 66
214 73
214 79
215 188
215 193
215 194
215 21
215 218
215 234
215 261
215 280
215 338
215 343
215 368
215 371
215 428
215 464
215 48
215 54
215 7
216 140
216 143
216 179
216 188
216 239
216 297
216 324
216 335
216 337
216 4
216 497
217 249
217 257
217 263
217 316
217 322
217 350
218 127
218 157
218 176
218 190
218 226
218 282
218 396
218 454
218 92
219 101
219 105
219 136
219 175
219 179
219 204
219 227
219 263
219 289
219 305
219 339
219 362
219 43
219 459
219 460
2 20
220 181
220 191
220 22
220 252
220 260
220 276
220 280
220 399
220 41
220 419
220 422
220 496
220 54
22 108
221 160
221 224
221 287
221 354
221 391
22 157
22 218
22 223
222 232
222 232
222 263
22 23
222 433
22 261
222 65
22 273
222 92
22 302
223 104
22 311
223 112
223 145
223 147
223 200
223 225
223 262
223 294
22 340
223 455
223 487
22 350
223 57
22 375
2 240
224 122
224 207
224 217
224 231
224 279
224 296
224 31
224 310
224 311
224 391
22 443
224 465
22 455
22 464
22 497
22 499
225 115
225 144
225 145
225 173
225 214
225 233
225 280
225 312
225 336
225 348
225 367
225 392
225 404
225 404
225 482
22 55
225 50
225 52
2 259
225 91
226 15
226 151
226 16
226 17
226 223
226 241
226 299
226 3
226 323
226 345
226 7
2 269
22 69
226 91
227 102
227 137
227 169
227 177
227 205
227 352
227 374
227 377
227 412
227 50
227 64
227 78
227 86
228 12
228 150
228 163
228 199
228 243
228 269
228 357
228 392
228 53
229 103
229 118
229 138
229 208
229 294
229 34
229 340
229 399
229 482
229 54
229 94
229 97
2 3
230 118
230 14
230 180
230 226
230 296
230 367
230 402
230 407
230 429
230 94
230 99
231 0
23 106
231 106
231 157
231 176
231 201
231 22
231 229
231 312
231 343
231 439
231 479
231 84
231 94
232 168
232 200
232 228
23 224
232 247
232 387
232 421
232 65
232 69
23 27
23 278
232 80
233 0
233 10
233 106
233 219
233 25
233 27
233 30
233 334
233 36
2 334
233 405
233 443
233 458
233 478
23 358
233 78
23 394
23 411
234 12
234 128
234 150
23 417
234 223
234 264
234 327
234 431
234 433
234 462
234 490
234 53
23 463
23 467
23 481
234 90
234 90
235 119
235 142
235 144
235 192
235 235
235 259
235 329
235 349
235 470
235 60
235 87
236 145
236 146
236 159
236 187
236 193
236 219
236 229
236 28
236 379
236 431
236 464
236 474
236 492
236 59
236 94
237 107
237 146
237 161
237 180
237 233
237 25
23 73
237 332
237 338
237 391
237 429
237 440
237 466
237 479
237 48
237 68
237 73
237 86
238 194
238 252
238 309
238 385
238 388
23 84
238 44
2 385
238 59
238 72
238 94
239 157
239 157
239 168
239 188
2 392
239 26
239 268
239 321
239 337
239 410
239 445
239 48
23 96
2 397
240 100
240 158
240 189
240 229
240 261
240 333
240 337
240 430
240 452
240 463
240 482
24 10
241 1
241 13
241 132
241 25
241 252
241 299
241 333
241 358
241 376
24 138
241 392
241 448
241 48
241 489
24 187
241 91
24 201
242 110
242 170
242 171
242 182
242 234
242 252
242 304
242 304
242 311
242 351
24 237
242 404
242 439
242 440
242 451
242 478
242 483
242 59
24 299
24 323
243 26
243 278
243 302
243 313
243 325
243 357
243 438
243 457
243 467
24 351
24 364
243 89
24 414
244 148
244 166
244 310
244 332
244 358
244 361
244 404
244 410
244 42
244 484
244 499
244 63
244 74
24 499
245 118
245 118
245 141
245 184
245 221
245 244
245 247
245 310
245 358
245 364
24 54
245 403
245 409
245 424
245 446
245 484
245 88
246 296
246 300
246 322
246 331
246 336
246 355
246 446
246 461
246 499
246 90
246 96
247 185
247 2
247 23
247 237
247 257
247 317
247 319
247 337
247 372
247 380
247 414
247 45
247 468
247 49
24 76
247 83
2 48
248 117
248 149
248 198
248 199
248 205
248 291
248 348
248 390
248 401
248 45
248 61
249 172
249 21
249 269
249 356
249 368
249 375
249 5
249 52
250 103
250 104
250 124
250 148
250 150
250 158
250 173
250 177
250 179
250 187
250 235
250 277
250 278
250 296
250 340
250 35
250 409
250 425
250 429
250 55
250 81
250 9
250 91
25 103
251 119
251 134
25 121
251 256
251 270
251 298
251 318
25 132
251 325
251 326
251 359
251 417
25 159
25 179
251 80
252 157
252 167
252 244
252 267
252 278
252 315
252 437
25 247
252 486
252 55
25 269
252 79
25 28
25 288
25 295
253 251
253 258
253 310
253 324
253 333
253 360
253 382
253 468
25 355
253 70
25 373
253 84
25 393
253 98
254 141
254 169
254 214
254 328
254 341
254 345
254 356
254 40
254 422
254 436
254 440
254 466
254 61
254 71
255 100
255 13
255 149
255 247
255 261
255 275
255 281
255 301
255 303
255 412
255 486
255 82
255 95
256 100
256 160
256 389
256 452
256 461
256 490
257 142
257 196
257 21
257 223
257 239
257 260
257 275
257 348
257 349
257 381
257 408
257 430
257 66
258 162
258 186
258 188
258 200
258 280
258 400
259 141
259 162
259 17
259 193
25 92
25 92
259 218
259 222
259 230
259 255
259 29
259 293
259 320
259 347
259 360
259 383
259 42
259 423
259 480
259 49
259 497
259 54
25 96
25 97
259 7
260 102
260 128
260 132
260 148
260 153
260 198
260 222
260 279
260 28
260 4
260 468
260 479
260 498
261 127
261 129
261 152
261 201
261 250
261 327
261 328
261 335
26 139
261 403
261 75
261 87
261 91
262 22
262 23
262 233
262 237
262 277
26 234
262 34
262 374
262 386
262 397
262 54
26 263
26 265
26 273
262 91
26 292
26 315
263 242
263 265
263 3
26 334
263 353
263 368
263 383
263 436
263 44
263 45
263 458
263 484
263 57
26 373
263 76
263 82
26 406
264 121
264 126
264 153
264 236
264 246
264 295
264 328
264 416
264 418
264 434
264 473
264 495
26 464
26 466
26 471
26 479
265 424
265 462
265 468
265 48
266 14
266 144
266 146
266 159
266 163
266 196
266 262
266 279
266 298
266 322
266 324
266 35
266 360
266 382
266 405
266 410
266 480
267 191
26 72
267 273
267 305
267 330
267 352
267 392
267 498
267 53
268 138
268 158
268 390
268 446
268 462
268 477
269 105
269 117
269 174
269 176
269 185
269 195
269 233
269 263
269 270
269 438
269 62
270 107
270 116
270 187
270 195
270 198
270 228
270 231
270 258
270 260
270 301
270 348
270 419
270 428
270 449
270 460
270 481
271 189
271 195
271 246
271 259
271 282
271 304
271 329
271 34
271 413
271 427
271 429
27 151
27 153
27 175
27 200
27 204
272 129
27 218
272 246
272 262
272 31
272 338
272 40
272 451
272 470
27 267
272 85
272 96
27 297
273 183
273 200
273 264
27 335
273 364
273 38
273 439
27 348
273 498
273 53
273 59
273 68
27 371
27 376
27 390
27 392
27 409
274 132
274 152
274 20
274 205
274 221
274 244
274 276
274 280
274 293
274 30
274 321
274 357
274 448
274 468
274 485
274 50
274 69
274 78
275 158
275 21
275 211
275 251
275 253
275 263
275 310
275 359
275 364
275 431
275 454
275 47
275 483
275 486
275 493
276 105
276 115
276 158
276 208
276 27
276 282
276 31
276 366
276 394
276 440
276 496
276 59
276 91
277 141
277 172
277 207
277 257
277 288
277 356
277 357
277 451
277 478
278 150
278 20
278 212
278 24
278 272
278 288
278 292
278 34
278 363
278 468
278 479
278 5
279 180
279 22
279 280
279 307
279 32
279 423
279 484
280 102
280 148
280 154
280 219
280 296
280 316
280 348
280 379
280 381
280 430
280 46
280 473
280 488
280 49
280 53
281 117
281 125
281 193
28 120
281 206
281 218
281 220
281 247
281 266
281 351
281 352
281 398
281 40
281 418
281 443
281 465
281 487
28 187
282 209
282 263
282 291
28 23
282 340
282 345
282 397
282 420
282 45
282 62
28 311
283 192
283 296
283 318
28 344
283 491
283 66
283 85
28 386
28 413
284 17
284 202
284 280
284 31
284 338
284 353
284 360
284 452
284 489
28 451
28 462
284 69
28 488
28 50
285 119
285 167
285 246
285 314
285 381
285 386
285 433
285 498
28 55
285 53
285 69
286 205
286 218
286 23
286 260
286 303
286 326
286 343
286 348
286 382
286 441
286 483
287 123
287 147
287 181
287 217
287 250
287 280
287 298
287 3
287 3
287 32
287 347
287 391
287 404
288 155
288 159
288 228
288 263
28 83
288 387
288 41
288 413
288 435
288 469
288 478
288 479
2 89
289 117
289 159
289 165
289 181
289 212
289 318
289 356
289 372
289 437
289 439
289 45
289 57
28 98
290 133
290 165
290 173
290 275
290 311
290 363
290 38
290 484
290 492
291 148
291 158
291 203
291 254
29 127
291 359
291 42
291 464
29 187
292 123
292 139
292 148
292 195
292 205
292 232
29 227
292 341
292 341
292 345
292 426
29 26
29 27
293 246
293 275
293 297
293 354
293 378
293 387
293 446
293 447
293 460
293 463
29 350
29 354
293 56
29 372
294 197
294 20
294 269
294 315
294 412
29 444
294 5
294 56
294 65
294 68
29 473
29 483
29 492
295 172
295 188
295 191
29 52
295 207
295 231
295 238
295 260
295 264
295 327
295 382
295 404
295 416
296 120
296 123
296 213
296 220
296 240
296 287
296 404
296 445
296 446
296 453
296 58
297 130
297 149
297 167
297 218
297 224
297 264
297 284
297 292
297 339
297 36
297 379
297 416
297 440
297 6
297 66
298 113
298 119
298 171
298 184
298 205
298 212
298 242
298 283
298 377
298 391
298 88
299 122
299 311
299 382
299 397
299 433
299 458
299 472
300 104
300 112
300 194
300 214
300 243
300 247
300 256
300 257
300 267
300 282
300 333
300 38
300 430
300 435
300 67
301 165
301 177
30 121
301 210
301 237
30 128
301 299
301 311
301 370
301 372
30 140
301 440
301 46
30 15
301 56
301 76
30 197
302 107
302 108
302 149
30 215
302 207
302 216
302 238
302 294
302 36
302 370
302 404
302 418
302 434
30 294
30 309
303 128
303 247
303 356
303 397
303 412
303 414
303 437
303 479
303 481
30 371
30 378
303 85
304 141
304 161
304 248
304 262
304 364
30 444
30 474
304 89
305 109
305 136
305 161
305 169
305 212
305 242
305 243
305 244
305 291
305 389
305 41
305 416
305 437
305 456
305 63
305 68
30 6
306 174
306 255
306 326
306 376
306 385
306 488
306 65
30 69
306 95
307 186
307 237
307 264
307 311
307 358
307 359
307 365
307 385
307 387
307 387
307 457
307 6
30 8
308 179
308 243
308 250
308 68
309 114
309 122
309 135
309 159
309 184
309 352
309 50
309 60
309 85
310 115
310 178
310 189
310 234
310 295
310 388
310 389
310 484
3 110
311 151
311 216
311 227
31 123
311 248
311 319
311 338
311 351
31 136
311 397
311 414
311 469
311 475
31 171
312 110
312 114
31 216
312 176
31 219
312 194
312 216
312 240
312 262
31 229
31 230
312 308
312 315
312 404
312 427
312 436
312 486
312 492
312 99
313 103
313 12
313 172
313 195
313 227
313 240
313 251
313 273
31 33
313 408
31 393
31 395
314 112
314 113
314 14
314 15
314 162
314 226
314 391
314 398
314 461
314 467
314 488
31 452
31 462
31 50
315 121
315 175
315 241
315 275
315 288
315 289
315 306
315 380
315 407
315 420
315 460
315 56
31 59
316 127
316 142
316 158
316 204
316 213
316 30
316 324
316 333
316 353
316 450
316 453
316 458
316 465
316 483
316 488
316 78
317 162
317 187
317 21
317 332
317 402
317 412
317 426
317 53
318 127
318 15
318 191
318 295
318 389
318 485
318 489
318 51
318 96
319 115
319 24
319 340
319 351
319 391
319 404
319 416
319 430
319 443
319 458
319 487
3 196
319 64
320 105
320 134
320 143
320 220
320 222
320 240
320 398
320 410
320 456
320 75
321 104
321 119
321 136
321 16
321 2
32 127
32 127
321 276
321 276
321 302
32 138
321 411
32 155
321 66
32 173
321 74
321 82
322 187
32 22
32 221
322 216
32 222
32 226
322 356
322 374
322 409
32 241
32 262
32 270
322 92
32 3
32 305
323 1
323 160
323 186
32 319
323 231
323 257
323 286
32 329
323 329
323 367
323 384
323 408
32 343
323 441
32 349
323 59
32 365
323 93
32 411
324 11
324 122
324 128
324 13
324 188
324 203
324 251
324 306
324 355
32 436
324 361
32 444
324 469
324 495
32 469
32 490
3 251
325 103
325 212
325 310
325 328
325 37
325 399
325 423
326 11
326 173
326 236
326 304
326 314
326 370
3 264
326 443
326 447
326 72
327 14
327 155
327 25
327 356
327 438
327 464
327 487
328 130
328 142
328 216
328 259
328 261
328 280
328 317
328 319
328 342
328 389
328 402
328 434
328 494
328 56
3 286
329 107
329 157
329 205
329 248
329 252
329 30
329 41
329 411
329 431
329 94
33 0
330 130
330 15
330 157
330 175
330 185
330 252
330 257
330 266
330 318
330 332
330 334
330 335
330 350
330 367
330 484
330 485
330 498
330 79
330 82
330 90
33 105
331 125
331 143
33 121
331 266
331 290
331 292
331 333
331 338
331 367
331 372
331 408
331 43
331 469
331 48
33 172
332 10
332 105
33 215
332 159
332 179
332 268
33 229
332 306
332 320
332 465
3 327
33 291
332 91
33 310
33 312
333 137
333 157
333 158
33 325
333 266
333 27
33 334
333 363
333 376
333 402
333 41
333 410
33 342
333 42
333 437
33 372
33 40
334 132
334 139
33 421
334 283
334 297
334 309
334 342
334 358
334 406
334 420
334 450
334 68
334 69
33 479
3 349
334 99
3 35
335 0
335 107
335 142
335 147
335 164
335 181
335 188
335 199
335 212
335 216
335 218
335 219
335 227
335 279
335 314
335 319
335 385
335 388
335 412
335 422
335 48
33 61
336 152
336 189
336 241
336 39
336 468
3 368
336 91
33 70
337 13
337 131
337 195
337 246
337 361
337 364
337 369
337 386
337 393
337 420
338 11
338 174
338 20
338 219
338 257
338 342
338 358
338 372
338 404
338 409
338 62
338 95
338 99
339 135
339 200
339 212
339 213
339 231
339 253
339 436
339 441
339 473
339 491
340 103
340 103
340 219
340 24
340 249
340 415
340 462
340 47
340 499
340 59
34 1
341 166
341 187
341 2
341 319
341 320
341 336
341 355
34 136
341 372
341 375
3 414
341 55
34 161
341 9
34 206
342 179
342 188
342 208
342 261
342 272
342 287
342 302
342 305
34 233
342 370
342 485
342 64
34 271
342 84
342 9
343 140
343 194
343 230
343 370
343 395
343 428
343 454
343 459
343 465
3 435
343 60
34 365
34 366
343 95
344 123
344 14
344 185
344 213
344 241
344 287
344 302
344 357
344 410
344 495
344 55
344 65
34 467
345 135
345 179
345 24
345 264
345 311
345 347
345 36
345 381
346 320
346 340
346 425
346 49
346 50
346 59
34 66
346 67
347 0
347 12
347 144
347 192
347 233
347 27
347 312
347 315
347 354
347 36
347 381
347 391
347 403
347 408
347 424
347 443
347 456
348 115
348 12
348 147
348 185
348 208
348 247
348 332
348 389
348 41
348 417
348 78
349 100
349 128
349 138
349 169
349 172
349 200
349 25
349 387
349 475
349 479
3 496
349 81
349 88
350 126
350 161
350 195
350 213
350 225
350 252
350 329
350 399
350 6
350 64
350 74
351 102
351 105
351 12
351 147
351 164
351 177
351 186
351 248
351 286
351 288
351 382
351 384
351 407
351 421
351 431
35 147
351 497
35 158
35 194
352 100
352 15
352 157
352 175
352 197
352 267
35 23
352 31
352 37
352 385
352 464
352 6
352 81
35 282
35 300
353 157
353 162
353 19
353 221
353 233
353 294
353 341
353 387
353 426
353 426
353 438
353 475
353 494
35 366
354 104
354 150
354 239
35 430
35 436
354 375
354 403
35 444
354 463
354 464
354 480
35 453
35 457
355 1
355 139
355 140
355 163
355 180
355 220
355 236
355 338
355 34
355 352
355 448
355 459
355 6
356 15
356 201
356 25
356 259
356 275
356 362
356 462
356 91
357 109
357 114
357 130
357 132
357 177
357 230
357 305
357 376
357 382
357 445
357 488
357 76
357 79
358 118
358 14
358 159
358 197
358 214
358 243
358 249
358 265
358 286
358 398
358 398
358 432
358 479
358 48
358 496
358 55
358 72
359 107
359 110
359 13
359 194
359 214
359 263
359 286
359 356
359 362
359 386
359 414
359 457
359 463
359 467
359 497
359 498
359 5
360 310
360 33
360 432
360 52
361 100
361 106
36 111
361 151
361 16
361 175
361 263
361 406
361 434
361 454
361 479
36 15
36 169
36 169
362 161
362 161
362 322
36 233
362 349
362 360
362 390
36 240
362 405
362 42
36 252
36 271
36 285
36 305
363 129
363 172
363 23
363 274
36 33
363 320
363 392
363 422
363 44
36 345
363 492
363 79
364 159
36 421
364 242
364 243
364 360
364 372
364 423
364 446
364 490
364 56
364 60
364 7
364 70
36 492
365 113
365 133
365 14
365 155
365 191
365 26
365 282
365 289
365 367
365 372
365 410
365 410
365 434
365 465
365 60
365 72
365 72
366 103
366 133
366 145
366 199
366 210
366 262
366 302
366 322
366 37
366 447
366 455
366 475
366 483
366 57
366 70
366 8
366 94
367 103
367 121
367 152
367 194
367 201
367 212
367 226
367 241
367 492
367 84
367 95
368 160
368 161
368 176
368 321
368 36
368 390
368 428
369 117
369 136
369 139
369 156
369 17
369 212
369 220
369 269
369 271
369 279
369 335
369 359
369 435
36 96
369 83
370 128
370 188
370 189
370 308
370 334
370 378
370 392
370 426
370 439
370 470
370 476
370 493
370 66
370 80
370 89
370 91
370 92
370 97
37 100
371 124
371 172
371 191
371 194
371 241
371 315
371 35
371 413
371 47
371 483
37 150
371 58
371 91
372 156
372 190
372 20
372 252
372 34
372 413
372 419
37 246
372 479
372 64
37 29
37 302
37 312
373 130
373 181
373 212
373 221
373 24
373 241
373 318
373 326
37 359
37 396
373 99
37 404
374 2
374 260
374 29
374 311
374 314
374 319
374 395
374 428
37 454
37 475
37 491
374 94
37 499
375 153
375 169
375 21
375 261
375 267
375 28
375 348
375 356
375 366
375 368
375 416
375 429
375 448
375 470
375 75
375 80
375 81
375 86
376 100
376 117
376 145
376 175
376 211
376 222
376 251
376 253
376 275
376 33
376 33
376 357
376 37
376 412
376 497
376 498
377 104
377 12
377 202
377 204
377 264
377 342
377 355
377 434
377 84
377 89
378 126
378 165
378 194
378 22
378 223
378 225
378 253
378 255
378 285
378 319
378 377
378 379
378 432
378 67
378 82
379 116
379 143
379 151
379 21
379 310
37 94
379 405
379 420
379 429
379 487
379 55
379 89
380 106
380 176
380 180
380 202
380 228
380 264
380 276
380 348
380 424
380 477
380 479
38 100
381 149
381 195
381 248
381 36
381 415
381 469
381 52
381 61
3 82
382 104
38 211
382 133
382 191
382 192
382 268
382 28
382 442
382 465
382 490
382 61
382 69
383 125
383 127
383 132
383 134
383 190
383 227
383 271
383 372
383 427
383 487
383 77
383 79
383 79
384 128
384 264
38 427
384 280
38 429
38 431
384 325
38 433
384 341
384 360
384 416
384 464
384 480
384 54
384 58
3 85
385 127
385 244
385 320
385 354
385 391
385 445
385 46
385 46
385 5
385 97
38 62
386 21
386 226
386 301
386 364
386 369
38 64
386 42
386 437
386 61
386 77
387 106
387 131
387 164
387 178
387 205
387 268
387 29
387 300
387 349
387 386
387 407
387 437
387 492
388 146
388 265
388 387
388 41
388 467
388 63
388 7
389 135
389 162
389 179
389 180
389 206
389 250
389 273
389 282
389 314
389 370
389 397
389 405
389 416
389 438
389 442
389 499
38 96
389 8
389 9
390 15
390 158
390 165
390 169
390 208
390 276
390 32
390 348
390 406
390 412
390 469
390 483
390 87
39 104
391 100
391 135
391 154
39 118
391 187
391 223
391 250
391 257
391 298
391 339
391 393
391 410
39 15
39 159
391 74
39 176
39 19
391 92
391 93
39 215
392 201
392 272
392 305
392 332
392 379
392 406
392 67
392 80
39 285
39 293
393 10
393 189
393 238
393 249
393 328
393 373
393 374
39 338
393 402
393 485
393 492
393 5
393 78
394 268
394 284
394 376
394 471
39 492
394 94
395 100
395 125
395 235
395 397
395 487
396 159
396 171
396 180
396 228
396 239
396 24
396 24
396 245
396 336
396 377
396 415
396 61
397 105
397 232
397 24
397 285
397 337
397 351
397 375
397 399
397 406
397 456
397 497
397 65
397 84
398 159
398 164
398 164
398 22
398 230
398 246
398 27
398 33
398 340
398 342
398 347
398 402
398 403
398 70
398 81
399 126
399 155
399 180
399 227
399 237
399 292
399 326
399 349
399 415
399 445
399 466
399 495
399 50
399 62
399 63
399 68
399 69
399 72
399 90
400 113
400 144
400 273
400 293
400 30
400 315
400 328
400 367
400 380
400 391
400 405
400 423
400 444
400 478
400 94
401 153
401 161
401 165
401 176
401 226
401 23
401 343
401 346
401 35
401 353
40 136
401 364
401 367
401 369
401 373
401 393
401 446
40 154
40 199
402 102
402 172
402 173
40 219
402 194
402 201
402 209
402 215
402 24
402 273
402 35
402 358
402 488
403 188
403 249
403 274
403 345
403 361
403 363
403 394
403 434
403 466
40 347
403 485
40 359
40 374
40 383
403 89
40 405
404 107
404 122
404 123
40 417
404 179
404 182
404 19
404 298
404 31
404 335
404 362
404 389
404 412
404 452
40 477
40 49
40 494
405 108
405 151
405 242
405 317
405 329
405 423
405 448
405 451
405 498
405 63
405 92
406 120
406 120
406 166
406 25
406 258
406 274
406 290
406 427
406 448
406 487
406 78
406 85
407 218
407 227
407 294
407 297
407 303
407 317
407 366
407 429
407 7
407 78
408 101
408 11
408 110
408 166
408 189
408 266
408 27
408 287
408 346
408 39
408 400
408 407
408 50
408 53
409 171
409 188
409 215
409 253
409 337
409 447
409 56
409 71
409 75
410 100
410 221
410 266
4 103
410 361
410 397
410 430
410 490
410 52
410 65
411 115
41 113
411 303
41 135
411 47
411 473
411 485
4 117
41 17
41 194
4 12
412 147
412 159
412 160
412 180
412 188
4 122
412 206
412 239
412 249
412 320
41 234
412 342
412 362
412 475
412 481
412 78
4 13
413 13
413 139
413 166
413 193
41 32
413 297
413 318
413 341
413 380
413 397
413 398
413 407
413 438
41 375
414 131
414 148
41 423
414 271
414 282
414 288
41 43
414 318
414 99
415 111
415 201
415 237
415 258
415 260
415 283
415 304
415 319
415 321
415 323
415 413
415 43
415 43
416 144
416 237
416 268
416 286
416 321
416 322
416 375
416 391
416 393
416 40
416 44
416 490
416 85
416 9
417 122
417 137
417 143
417 151
417 242
417 270
417 280
417 341
417 398
417 399
41 74
417 454
417 454
417 487
418 114
418 116
418 184
418 300
418 360
418 382
418 423
4 186
419 108
419 114
419 154
4 192
41 92
419 296
419 315
419 339
419 350
419 354
419 382
419 429
419 5
419 52
420 11
420 121
420 15
420 156
420 176
420 180
420 183
420 186
420 198
420 244
420 25
420 265
420 323
420 343
420 356
420 423
420 424
420 476
420 482
420 495
420 77
420 97
42 110
421 108
421 139
421 178
421 211
421 245
421 253
421 280
421 327
421 376
421 470
42 176
421 77
42 207
422 103
42 215
422 157
422 165
422 170
422 203
42 221
42 226
422 286
422 304
422 355
422 376
422 457
422 488
422 49
422 59
422 93
423 10
423 120
423 150
423 18
423 265
423 328
423 365
423 388
423 41
423 433
423 442
423 447
423 53
42 37
42 370
423 77
423 78
42 403
424 107
424 127
424 193
42 420
424 217
424 223
424 231
424 291
424 307
424 331
424 352
424 364
424 365
424 379
424 478
424 63
424 69
425 0
425 175
425 210
425 22
425 293
425 314
425 40
425 409
425 436
425 443
425 94
426 14
426 182
426 373
426 413
426 447
427 110
427 167
427 338
4 274
427 470
427 491
428 120
428 299
428 331
428 342
428 359
428 410
428 462
428 489
428 498
42 86
428 86
428 90
428 95
429 100
429 11
429 15
429 175
429 282
429 297
429 309
429 33
429 435
429 447
429 57
429 76
42 99
430 226
430 308
430 325
430 375
430 46
430 463
430 64
430 64
43 100
431 112
431 117
431 161
431 196
431 199
431 214
431 232
431 269
431 383
431 40
431 444
431 446
431 480
43 169
431 70
431 90
432 140
432 143
432 197
432 26
432 283
432 362
432 368
432 373
432 406
432 487
432 87
432 99
433 177
43 318
433 217
433 275
433 292
433 393
433 397
433 469
433 470
433 88
43 409
43 410
43 418
434 229
434 256
434 272
434 307
434 392
434 411
434 43
43 451
434 63
43 476
434 96
43 50
435 113
435 142
435 149
435 154
435 167
435 193
435 345
435 378
435 420
4 36
436 162
436 197
436 210
436 243
436 248
436 309
436 355
436 407
436 465
436 476
436 8
437 116
437 119
437 126
437 15
437 152
437 200
437 210
437 23
437 239
437 256
43 73
437 34
437 351
437 440
437 473
437 492
438 123
438 154
438 238
438 277
438 3
43 84
438 81
439 107
439 160
439 176
439 235
439 257
439 263
439 333
439 335
439 384
439 390
439 422
439 429
439 461
439 476
440 109
440 111
440 127
440 170
440 255
440 262
440 300
440 306
440 351
440 370
440 459
440 487
44 109
441 129
441 138
441 174
441 220
441 292
441 308
441 337
441 352
441 369
441 437
441 44
441 454
441 482
44 16
44 181
441 94
441 95
44 210
442 106
442 179
44 222
442 318
442 435
442 456
442 467
44 253
44 253
44 283
442 95
443 100
443 155
443 189
443 195
443 222
443 223
443 251
443 251
443 313
443 318
443 321
443 360
443 381
4 434
443 412
44 347
443 481
443 489
443 94
444 110
444 122
444 158
444 165
444 209
444 238
444 261
444 29
4 443
444 337
444 356
44 436
444 378
444 438
444 468
444 66
44 482
445 111
445 142
445 165
445 202
445 203
445 3
445 326
445 332
445 344
445 480
445 5
445 59
445 67
445 83
446 129
446 197
446 198
446 385
446 42
446 469
44 66
4 469
447 144
447 185
447 198
447 2
447 202
447 285
447 3
447 3
447 318
447 339
447 403
447 409
447 431
447 441
447 453
447 486
447 491
448 141
448 154
448 156
448 16
448 164
448 176
448 235
448 251
448 303
448 348
448 383
448 41
448 45
448 67
44 89
448 93
449 129
449 138
449 187
449 229
449 234
449 289
449 344
449 355
449 424
449 436
449 45
449 466
449 49
449 493
449 80
449 90
450 152
450 152
450 227
450 227
450 262
450 305
450 32
450 332
450 336
450 363
450 407
450 437
450 47
450 8
451 13
451 280
451 387
451 388
451 389
451 397
451 397
45 162
451 64
451 65
451 8
451 81
45 19
45 201
452 145
452 193
452 193
452 222
452 237
452 276
452 292
452 354
452 40
452 424
452 490
452 5
452 63
452 85
45 287
45 294
453 201
453 239
453 240
453 263
453 286
453 418
453 453
453 492
453 61
453 66
45 38
453 86
453 90
454 144
454 149
454 203
454 210
454 239
454 249
454 261
454 315
45 440
454 439
454 451
454 58
454 6
454 70
455 160
455 204
455 236
455 241
455 360
45 54
455 81
455 94
456 253
456 278
456 312
456 344
456 408
456 438
456 476
456 59
456 64
457 122
457 154
457 266
457 285
457 287
457 324
457 337
457 349
457 73
458 13
458 142
458 176
458 264
458 300
458 387
458 393
458 438
458 447
458 468
458 471
458 84
459 133
459 141
459 164
459 171
459 311
459 315
459 381
459 385
459 39
459 432
459 438
459 441
459 467
459 480
459 78
460 234
460 297
460 305
460 369
460 393
460 433
460 5
460 68
461 12
461 218
461 239
461 239
461 328
461 42
461 476
46 157
461 63
46 167
46 19
46 197
46 20
462 166
462 186
462 200
462 211
462 25
462 274
462 358
462 427
462 435
462 445
462 446
462 447
462 58
46 298
463 140
463 170
463 204
463 204
46 33
463 364
463 369
46 34
463 419
463 419
463 448
463 457
463 494
46 369
463 95
464 138
464 140
464 197
464 213
464 259
464 357
464 396
464 45
46 449
46 467
46 48
464 84
46 492
465 105
465 167
465 168
465 21
465 32
465 409
465 452
465 49
465 99
466 130
466 140
466 151
466 156
466 214
466 228
466 23
466 24
466 29
466 32
466 364
466 380
466 410
466 66
466 83
467 143
467 171
467 20
467 200
467 258
467 272
467 292
467 323
467 325
467 65
467 72
468 179
468 237
468 255
468 265
468 300
468 377
468 39
468 445
468 462
468 495
468 96
469 126
469 284
469 324
469 327
469 345
469 402
469 411
469 423
469 447
469 456
469 463
469 464
469 494
470 115
470 154
470 207
470 238
470 275
470 324
470 365
470 388
470 437
470 452
470 496
471 125
471 156
471 158
471 16
471 166
471 171
471 307
471 318
471 326
471 340
471 379
471 385
471 444
47 145
471 477
47 17
471 78
47 193
472 102
472 130
472 150
472 205
472 245
472 256
472 390
472 440
472 454
472 462
47 26
472 65
47 284
47 304
473 112
473 136
473 167
47 319
473 226
473 238
473 323
473 328
473 361
473 380
473 425
473 478
473 479
473 58
47 359
473 6
473 62
474 100
474 120
474 171
474 181
474 192
474 353
474 388
474 412
474 42
47 445
474 499
47 453
474 63
474 63
474 9
474 93
475 113
475 12
475 260
475 39
475 42
475 42
475 441
475 76
476 135
476 171
476 193
476 243
476 323
476 36
476 372
476 405
476 429
476 481
47 65
476 51
476 56
476 70
476 89
477 109
477 130
477 145
477 152
477 158
477 172
477 244
477 246
477 289
477 367
477 370
477 432
477 440
477 63
477 79
477 94
478 122
478 143
478 160
478 177
478 344
478 35
478 361
478 369
478 370
478 5
478 60
479 111
479 176
479 21
479 239
479 246
479 270
479 28
479 328
479 352
479 393
479 448
479 482
479 99
480 129
480 135
480 181
480 199
480 323
480 340
480 349
480 398
480 448
480 46
480 480
480 482
480 488
480 53
480 81
48 1
48 107
481 119
481 138
481 15
481 165
48 117
481 210
481 27
481 291
481 313
481 376
481 407
481 409
481 414
48 145
481 458
481 60
481 89
48 208
482 121
482 130
482 221
482 325
482 34
482 375
482 412
482 443
48 28
48 29
48 311
483 11
483 168
483 19
48 331
483 33
483 352
483 376
483 383
483 416
48 342
483 479
483 487
48 365
483 65
48 379
483 79
483 92
48 401
484 1
484 117
48 417
484 23
484 240
484 27
484 278
484 284
484 314
484 346
484 395
484 402
484 430
484 475
484 488
48 45
484 52
48 471
48 473
48 484
485 122
485 156
485 162
485 268
485 286
485 346
485 499
48 55
485 5
486 103
486 25
486 295
486 332
486 4
486 406
486 417
486 462
486 6
486 68
487 0
487 131
487 239
487 27
487 272
487 283
487 296
487 370
487 372
487 426
487 443
487 449
48 76
488 125
488 164
488 214
488 224
488 240
488 262
488 273
488 335
488 337
488 402
488 460
488 484
488 53
489 14
489 31
489 325
489 371
489 40
489 485
489 92
490 0
490 14
490 142
490 201
490 230
490 267
490 280
490 339
490 339
490 36
490 373
490 421
490 468
490 66
49 112
491 143
491 174
49 120
491 200
491 249
491 305
491 328
491 336
491 338
491 360
491 370
491 382
491 382
49 147
491 471
49 155
491 74
49 184
491 86
49 187
491 91
491 95
492 112
492 320
492 368
492 381
492 453
49 248
492 493
49 27
49 271
492 72
493 125
493 153
493 173
493 182
493 186
493 265
493 279
493 31
493 345
493 434
493 442
493 447
49 346
49 360
49 366
49 373
493 82
494 109
494 13
494 15
494 254
494 26
494 299
49 438
494 406
494 432
494 444
494 444
494 463
49 456
494 6
494 78
49 480
494 82
495 140
495 147
495 174
495 27
495 307
495 332
495 367
495 37
495 375
495 406
495 408
495 459
495 495
495 64
495 75
496 11
496 139
496 166
496 193
496 253
496 260
496 270
496 310
496 311
496 442
496 46
496 463
496 74
497 0
497 129
497 164
497 188
497 24
497 300
497 321
497 322
497 347
497 348
497 409
497 455
497 485
497 50
498 117
498 156
498 164
498 174
498 191
498 208
498 210
498 226
498 251
498 263
498 478
498 54
498 64
498 75
498 88
499 1
499 134
499 14
499 15
499 152
499 166
499 293
499 299
499 400
499 415
50 10
50 144
50 152
50 155
50 223
50 345
50 350
50 350
50 366
50 374
50 376
50 404
50 447
50 473
50 50
51 237
5 124
51 255
51 28
51 317
51 390
51 41
51 414
51 76
5 179
5 209
52 121
52 137
52 216
52 236
5 226
52 277
52 322
52 337
52 354
52 390
5 243
52 6
52 61
5 293
53 139
53 201
53 243
53 244
53 264
5 328
53 282
53 283
5 33
53 324
53 332
53 332
5 334
53 37
53 39
53 390
53 431
53 447
53 459
5 374
5 410
54 101
54 110
54 134
54 2
54 200
54 23
54 31
54 349
54 428
54 478
54 55
54 70
55 15
55 182
55 216
55 242
55 251
55 281
55 382
55 450
55 484
55 86
56 104
56 126
56 205
56 229
56 255
56 281
56 332
56 388
56 4
56 446
56 449
56 455
56 467
56 67
56 80
57 128
57 162
57 21
57 223
57 28
57 346
57 376
57 421
57 495
57 64
5 79
58 197
58 246
58 29
58 336
58 353
58 356
58 376
58 399
58 432
58 458
58 46
58 460
58 465
58 469
59 128
59 183
59 204
59 223
59 237
59 273
59 281
59 325
59 327
59 361
59 38
59 59
59 69
59 88
59 9
60 112
60 124
60 129
60 147
60 149
60 174
60 213
60 229
60 278
60 344
60 385
60 421
60 422
61 0
6 103
61 100
61 191
61 217
6 122
61 257
61 328
61 333
61 359
61 382
61 398
61 399
6 143
61 469
61 499
61 57
6 194
62 146
62 151
62 165
62 180
62 24
62 292
62 352
62 372
62 428
62 47
6 27
62 85
6 298
6 302
63 104
6 314
63 159
63 188
63 189
63 210
63 287
63 372
63 399
63 419
63 426
63 55
6 361
63 74
6 40
64 175
64 216
64 251
64 277
64 289
64 322
64 322
64 364
64 385
64 72
65 102
65 104
65 129
65 167
65 186
65 21
65 224
65 23
65 29
65 290
65 293
65 293
65 297
65 380
65 447
65 97
66 102
66 14
66 141
66 256
66 368
66 390
66 398
66 427
66 427
66 468
66 64
67 114
67 140
67 189
67 194
67 272
67 296
67 47
68 111
68 144
68 147
68 15
68 154
68 233
68 250
68 256
68 256
68 272
68 396
68 495
68 67
69 105
69 24
69 26
69 278
69 291
69 359
69 378
69 392
69 410
69 444
69 50
70 162
70 198
70 239
70 248
70 255
70 269
70 39
70 405
70 406
70 406
70 470
70 478
70 82
7 103
7 116
71 176
71 2
71 210
71 217
71 225
71 242
71 342
71 447
71 467
7 192
7 203
7 208
72 120
72 155
72 168
72 208
7 223
72 25
72 25
72 255
72 272
72 280
72 367
72 440
72 447
72 491
72 496
7 252
7 288
7 309
73 100
73 13
73 157
73 178
73 307
73 310
73 330
73 35
73 375
73 382
73 427
7 344
73 7
7 401
7 41
74 169
74 236
74 265
74 272
74 274
74 28
74 390
74 400
74 403
74 460
74 484
74 70
74 76
75 103
75 121
75 171
75 174
75 18
75 245
75 281
75 326
75 34
75 350
75 359
75 371
75 40
76 128
76 134
76 135
76 171
76 186
76 290
76 327
76 349
76 354
76 359
76 408
76 41
76 416
76 417
76 63
76 70
76 80
77 0
77 123
77 128
77 140
77 16
77 180
7 72
77 277
7 73
77 38
77 388
77 420
77 440
77 454
77 472
78 132
78 146
78 178
78 184
78 324
78 351
78 356
78 379
78 84
79 161
79 17
79 202
79 395
79 492
79 82
79 88
79 92
80 126
80 206
80 233
80 289
80 311
80 315
80 316
80 33
80 336
80 468
80 480
80 490
80 495
80 52
81 122
81 182
81 188
8 119
8 121
81 246
81 354
81 393
81 42
81 431
8 17
81 76
81 88
8 191
81 99
8 208
82 116
82 117
82 130
82 132
82 139
82 155
82 258
82 327
82 353
82 357
82 370
82 408
82 453
82 470
82 489
82 493
82 73
83 1
83 123
83 205
83 236
83 270
83 348
83 40
83 409
8 341
83 477
8 377
84 107
84 109
84 117
84 118
84 135
84 135
84 165
84 187
84 208
84 213
84 249
84 337
84 34
84 358
8 436
84 485
84 49
84 64
8 487
84 88
85 11
85 180
85 296
85 303
85 375
85 473
85 65
86 141
86 309
86 372
86 390
86 408
86 463
86 466
86 50
86 99
87 107
87 107
87 139
87 148
87 15
87 195
87 196
87 203
87 208
87 359
87 376
87 428
87 437
87 456
87 63
87 80
88 121
88 124
88 199
88 283
88 31
88 396
88 412
88 432
88 457
88 53
8 86
89 17
89 179
8 92
89 302
89 329
89 333
89 387
89 42
89 471
89 51
89 64
90 101
90 118
90 146
90 180
90 201
90 222
90 245
90 264
90 298
90 32
90 366
90 408
90 436
90 54
90 7
91 100
91 133
91 171
91 248
91 304
91 309
91 316
91 317
91 327
91 481
9 150
91 61
91 83
92 101
92 108
9 212
92 128
92 153
92 204
92 212
92 217
92 274
92 377
92 383
92 409
92 422
92 431
92 44
9 250
92 60
9 274
9 285
92 90
92 92
92 97
93 214
93 273
93 307
9 333
93 371
93 458
9 354
9 39
9 410
94 12
9 413
94 217
94 228
94 274
94 310
94 389
94 400
94 439
94 451
9 456
9 457
9 466
9 499
95 126
95 155
95 160
95 184
95 253
95 278
95 299
95 374
95 389
95 453
95 46
95 47
96 192
96 23
96 234
96 427
96 429
96 451
96 471
97 119
97 124
97 192
97 195
97 304
97 311
97 335
97 34
97 476
97 88
97 93
97 98
98 157
98 209
98 279
98 319
98 356
98 390
98 425
98 466
98 53
98 64
98 86
99 130
99 133
99 184
99 241
99 241
99 246
99 247
99 301
99 316
99 328
99 338
99 339
99 412
99 454
99 456
99 466
99 91
