500
0 17
100 167
100 174
100 208
100 23
100 250
100 326
100 420
100 468
100 5
101 15
10 208
102 18
102 211
102 224
102 377
103 292
103 36
103 464
104 252
104 311
104 378
105 150
105 165
106 283
106 341
106 371
106 49
107 116
107 12
107 296
107 428
108 457
109 106
109 131
109 294
109 348
110 118
110 192
110 231
110 318
110 360
110 4
110 445
111 276
111 377
112 243
112 280
112 369
112 380
112 423
11 298
113 287
113 452
11 376
114 27
114 441
11 474
116 146
116 425
116 439
117 163
117 195
117 238
117 50
118 147
118 267
119 286
119 328
119 35
119 363
120 20
120 223
120 236
120 251
120 371
120 446
121 303
122 30
122 355
122 48
123 174
123 258
123 366
123 86
124 127
124 133
124 48
125 435
125 66
125 89
126 108
126 210
126 95
127 257
127 325
128 203
128 318
128 321
128 58
128 89
129 134
129 456
130 172
130 212
130 314
130 400
130 475
131 228
131 340
131 480
131 60
132 147
132 308
132 322
132 383
132 475
133 102
133 116
133 270
133 291
133 459
133 5
134 140
13 439
134 412
135 190
135 284
135 408
135 491
136 75
136 97
137 11
137 190
137 319
137 485
138 152
138 178
138 179
138 204
139 219
139 27
139 427
139 431
140 122
140 26
140 300
142 126
142 227
14 242
142 488
143 270
14 401
144 374
144 58
145 287
145 437
145 453
145 487
146 111
146 471
147 235
147 290
147 402
147 86
148 125
148 148
148 243
148 254
148 356
148 425
149 230
149 297
149 334
149 400
149 409
149 91
150 1
150 191
15 1
151 292
151 354
151 444
15 180
15 184
152 270
15 239
15 270
15 273
153 245
153 296
153 312
154 126
154 174
154 219
154 256
154 262
15 473
155 31
156 166
156 289
156 387
157 258
15 75
158 498
159 256
159 399
159 427
159 475
160 335
160 57
160 57
161 130
161 137
16 129
161 307
161 350
161 410
161 54
16 17
161 84
162 190
162 252
162 281
162 289
162 44
16 299
163 358
163 486
163 54
163 86
164 386
164 418
164 420
164 98
165 205
165 336
165 444
166 100
167 19
167 206
167 322
167 382
168 219
168 279
168 297
168 471
169 387
169 418
169 437
169 456
169 482
170 152
170 226
170 243
170 29
170 374
170 4
170 489
170 94
17 102
171 124
171 480
171 87
17 208
17 221
172 211
17 294
173 186
173 83
174 138
174 159
17 42
174 390
174 78
175 162
175 246
175 370
176 105
176 231
176 296
176 375
176 385
177 314
177 415
177 432
177 439
177 77
177 82
178 409
178 42
178 61
179 148
179 442
179 476
179 5
179 83
180 361
181 120
181 143
181 168
181 179
181 216
181 437
18 162
182 178
182 222
182 30
183 101
183 318
184 111
184 15
184 208
184 216
184 4
184 474
186 106
186 141
186 186
186 410
187 108
187 423
188 146
188 93
189 35
190 195
190 285
190 43
190 456
191 301
191 395
19 212
192 140
192 349
19 264
192 90
193 174
193 209
193 320
193 341
193 91
194 421
195 100
195 110
195 273
196 120
196 377
197 5
198 2
198 293
198 362
199 115
199 160
199 205
199 236
199 339
199 58
201 322
202 24
202 481
203 285
203 392
203 426
203 63
204 425
204 486
205 140
206 243
206 419
207 212
208 126
208 310
208 73
209 285
209 430
209 87
21 1
211 336
211 362
211 66
212 133
212 230
213 145
213 302
213 311
213 496
21 378
213 94
214 160
214 172
214 258
21 47
215 371
216 402
216 419
216 420
217 243
217 394
218 408
218 441
2 185
219 106
219 27
219 28
219 292
219 392
220 390
220 448
220 494
220 71
220 83
221 178
221 499
22 178
222 144
222 252
222 396
222 486
222 495
22 3
223 139
223 384
223 398
223 457
223 466
223 475
223 72
224 251
224 307
224 320
224 357
224 6
225 497
226 100
227 189
227 263
227 278
227 320
227 325
227 42
227 475
228 11
228 214
228 42
228 75
229 119
229 161
2 294
229 65
230 258
230 476
2 309
231 168
231 235
231 313
23 149
23 153
232 218
232 256
232 363
232 419
232 445
233 134
233 316
233 467
23 394
234 141
234 229
234 365
235 203
235 262
235 352
235 480
236 190
236 245
236 247
236 335
236 381
238 213
238 243
238 253
238 418
239 255
239 380
240 162
240 299
24 112
241 451
24 199
242 253
242 257
24 227
242 403
243 226
243 341
243 496
244 21
244 235
247 202
247 433
247 75
247 97
248 341
248 467
249 170
249 196
249 306
249 72
250 130
250 62
25 116
251 85
252 138
252 369
252 446
25 305
253 31
253 492
254 117
254 286
25 431
254 369
254 383
254 399
255 127
256 158
256 220
256 373
256 388
256 401
257 114
257 38
257 386
257 47
257 491
257 76
258 176
258 440
258 457
258 466
259 109
259 229
259 235
259 418
259 60
260 317
260 41
261 109
262 458
262 497
262 61
26 271
262 90
263 231
26 361
26 398
264 342
264 345
264 424
264 98
266 455
266 461
266 5
26 67
267 186
267 271
267 355
267 99
268 283
268 363
268 497
268 95
269 247
269 308
269 360
269 425
269 479
269 5
269 55
269 61
269 83
270 409
271 142
271 15
27 184
272 140
272 287
272 307
272 364
273 251
273 302
273 82
274 255
274 356
275 59
276 121
276 183
277 221
277 244
277 91
278 13
278 201
278 374
278 467
279 100
279 194
279 230
279 27
279 271
279 385
279 474
279 478
279 487
279 83
280 143
280 202
280 225
280 245
280 266
280 288
280 29
280 43
280 48
280 53
281 21
281 27
281 368
28 147
282 11
282 139
282 27
28 259
283 359
284 154
284 179
284 379
285 16
285 3
285 471
285 492
285 91
286 136
286 465
287 169
287 179
288 136
288 399
288 99
289 21
289 334
289 38
289 408
290 320
291 267
291 34
291 365
29 176
291 96
292 202
293 109
293 12
293 151
293 381
293 426
293 497
29 383
29 467
295 70
295 88
295 93
296 297
296 329
296 361
296 382
296 396
296 96
297 173
297 230
297 230
297 360
297 462
297 490
298 152
298 203
298 359
298 426
298 444
299 291
3 0
300 207
301 233
302 130
302 360
30 25
30 26
303 153
303 255
303 274
303 305
303 35
303 51
304 463
304 96
305 134
306 14
306 267
306 389
307 129
307 33
307 414
308 14
308 160
308 278
308 440
308 484
309 35
309 359
310 296
310 338
310 435
31 109
311 350
311 367
311 485
31 168
312 171
313 233
31 404
314 307
314 343
314 369
314 438
315 106
315 256
315 468
315 471
31 58
316 167
316 243
316 73
317 293
317 326
31 78
318 275
318 277
318 356
318 465
318 473
3 19
319 155
319 231
319 231
319 318
320 204
320 309
321 378
321 470
323 109
323 14
32 331
323 416
324 266
324 318
324 391
325 10
325 261
325 285
326 203
326 389
327 196
327 206
327 308
327 70
328 227
328 288
328 408
328 95
329 201
329 420
329 498
331 111
332 218
332 344
332 374
332 473
333 382
333 392
333 47
334 227
334 296
334 362
335 142
335 296
335 388
336 142
336 20
336 239
336 350
3 364
337 101
337 179
337 296
337 465
337 474
3 378
338 250
338 368
338 493
338 495
339 180
339 25
339 265
339 85
340 198
34 115
341 392
343 163
343 360
343 361
343 52
344 109
344 217
344 264
34 445
344 452
34 447
345 315
345 411
346 293
346 50
346 93
347 132
348 310
348 441
349 106
349 221
349 4
350 226
350 315
350 326
350 379
350 69
351 0
351 100
351 160
351 2
351 224
351 277
352 203
352 316
352 340
352 426
352 438
35 270
352 96
353 24
353 343
353 96
354 200
354 343
354 388
354 461
354 78
355 26
355 318
355 346
355 429
355 58
356 12
356 258
356 405
357 26
358 354
359 139
359 207
359 234
359 252
359 257
359 403
361 325
361 83
362 141
362 289
362 290
362 390
362 474
363 150
363 406
363 45
364 103
364 142
364 171
364 265
365 123
365 315
365 363
366 7
366 96
367 24
367 378
367 456
368 277
368 91
369 3
369 450
370 311
371 175
371 258
371 442
37 150
372 118
372 152
372 265
372 6
373 120
373 174
373 4
373 62
374 44
374 456
374 65
375 105
375 128
375 143
37 52
375 327
375 382
375 72
375 85
376 85
377 458
378 301
379 192
379 402
380 211
380 242
380 252
38 123
381 340
381 382
381 401
381 459
381 52
382 132
38 219
382 52
383 364
383 388
38 339
383 43
383 64
38 395
384 125
384 22
384 306
384 56
385 126
385 155
385 211
386 0
386 154
386 307
387 302
388 314
389 129
389 304
389 328
389 408
389 429
391 20
39 125
391 414
392 189
392 330
392 451
39 293
393 227
393 320
393 365
393 392
393 58
39 397
39 419
394 257
394 303
394 33
394 487
39 475
394 93
395 216
395 226
395 361
395 380
396 14
396 172
396 190
396 290
397 159
397 440
398 110
398 284
39 83
398 392
399 143
399 215
399 265
399 299
399 78
400 121
40 124
40 206
402 279
403 247
403 295
404 114
404 196
404 244
404 250
404 365
404 368
404 411
404 56
404 92
404 93
405 236
405 344
405 366
405 38
405 392
406 203
406 493
406 61
407 103
407 151
407 199
407 38
407 49
407 58
407 67
407 99
409 325
409 330
409 377
409 40
409 477
409 65
410 203
4 103
410 366
410 459
41 102
411 12
411 431
411 96
412 106
412 139
412 469
413 174
413 332
413 388
414 219
414 261
414 282
4 143
415 107
415 367
415 5
416 264
416 453
416 70
417 140
417 234
417 283
417 443
417 444
417 53
418 25
418 414
419 374
419 381
419 401
419 489
420 121
420 276
420 382
420 82
421 135
42 161
422 79
423 171
423 275
42 37
424 186
425 224
425 413
427 190
427 465
428 317
428 78
429 165
429 440
430 244
430 303
430 348
430 42
430 451
43 110
431 300
431 405
431 491
431 497
432 210
43 229
432 376
433 405
434 0
434 24
434 420
434 50
435 159
435 185
435 234
435 438
435 495
435 93
436 129
436 164
436 300
436 343
437 122
437 183
437 251
43 73
437 93
43 81
438 12
438 212
438 213
438 4
438 493
438 50
440 248
440 391
44 110
441 128
441 226
441 247
441 429
442 13
442 158
442 201
442 292
443 496
444 339
444 493
44 461
445 173
445 194
445 286
446 235
446 483
446 63
446 66
447 184
447 200
447 249
447 297
447 31
447 328
447 92
448 199
448 317
448 461
448 476
449 133
449 251
449 307
449 372
449 389
450 248
451 304
451 481
451 49
452 199
452 314
452 425
45 253
453 239
454 264
45 5
455 222
455 231
455 349
455 433
456 290
457 16
457 431
457 474
458 16
458 281
458 337
459 136
459 360
459 4
459 422
459 428
459 450
460 2
460 214
460 337
460 38
460 499
461 0
461 108
461 194
461 274
461 481
462 309
462 439
46 319
463 239
463 348
463 385
463 466
465 178
465 266
46 62
466 28
466 31
466 436
467 212
467 270
467 280
468 17
468 469
469 113
469 211
470 424
470 459
47 111
471 112
471 369
472 267
472 334
472 377
472 446
47 317
473 350
473 497
474 159
474 335
474 480
475 151
475 313
475 332
476 221
476 241
476 468
477 406
477 457
477 57
477 89
478 409
478 413
479 263
479 275
480 150
480 202
480 278
480 46
481 308
482 257
483 120
48 340
484 113
484 50
485 162
485 288
485 301
485 460
486 264
486 421
487 223
487 238
488 278
488 283
488 412
489 141
489 424
489 48
489 70
489 89
490 246
490 28
490 286
490 290
490 394
490 411
490 494
491 193
491 299
491 39
492 123
492 147
493 20
493 84
49 47
495 242
495 356
495 381
495 444
495 480
496 117
496 198
49 65
497 143
497 343
497 49
498 144
498 26
498 474
498 475
499 344
499 40
499 439
50 342
50 35
50 435
51 245
51 247
51 419
51 435
51 470
52 129
52 274
52 443
5 245
52 47
53 418
53 57
5 38
54 230
54 246
54 378
54 474
54 494
55 468
56 211
56 241
56 33
56 49
56 9
57 313
57 409
57 471
57 91
58 200
58 450
59 161
60 126
60 194
60 94
61 263
61 282
61 449
6 2
62 115
62 277
6 230
62 349
62 41
6 245
63 183
63 447
64 11
64 218
64 306
64 362
65 285
65 389
66 269
66 376
66 38
67 162
68 113
68 178
68 361
69 201
69 219
69 295
70 178
70 228
70 296
70 336
70 392
70 460
71 206
71 383
72 205
72 484
7 268
7 3
73 112
73 131
73 207
73 404
73 408
74 231
74 357
7 461
75 128
75 144
75 239
75 274
75 373
75 479
76 187
76 292
76 89
77 2
77 27
77 46
77 488
78 126
78 178
78 265
78 308
78 331
78 94
79 214
79 328
80 103
80 36
80 449
81 144
8 134
81 366
82 263
82 335
82 340
82 394
82 61
83 309
83 388
83 489
84 456
84 475
8 452
84 55
85 242
85 253
85 277
86 120
86 162
86 188
86 256
86 374
86 399
86 437
87 196
87 20
87 203
87 363
87 494
88 154
88 439
88 86
88 88
89 16
89 209
89 304
89 362
89 465
89 83
90 335
90 340
90 484
91 161
91 196
91 222
9 13
91 321
91 397
91 439
92 17
92 304
92 309
92 316
9 239
92 494
93 423
93 496
94 115
95 94
96 113
96 190
96 477
97 108
97 422
98 122
98 306
98 54
99 144
99 187
99 287
