1000
0 118
0 151
0 17
0 249
0 33
0 377
0 385
0 395
0 503
0 520
0 564
0 60
0 604
0 739
0 766
0 936
0 950
100 125
100 13
100 151
100 318
100 543
100 564
100 627
100 728
100 889
100 899
101 199
101 22
101 319
101 443
101 58
101 637
101 644
10 168
101 705
101 748
101 851
101 871
101 887
102 121
102 331
10 252
102 554
102 589
10 268
102 69
102 707
102 757
102 760
102 780
102 812
102 881
102 989
103 102
103 236
103 324
103 629
103 64
103 694
103 757
10 385
103 976
104 103
104 110
104 122
10 413
104 216
104 229
104 232
104 320
104 346
104 350
104 380
104 425
104 430
104 510
104 565
104 62
104 666
10 473
10 476
104 902
104 906
104 924
104 976
104 997
105 210
105 272
105 369
105 452
105 519
105 572
105 577
105 800
105 823
105 893
106 268
106 376
106 377
106 433
10 654
106 571
106 641
106 71
106 778
10 679
106 861
106 947
106 967
106 969
107 188
107 201
107 456
107 535
107 678
107 781
107 893
107 912
107 938
10 8
108 201
108 358
108 387
10 855
108 653
108 737
108 748
108 764
108 839
108 951
109 12
109 21
109 229
10 933
10 947
109 543
109 575
109 579
109 583
109 604
109 611
109 659
109 662
109 765
10 98
10 980
109 802
109 853
109 979
110 200
110 343
110 381
110 455
110 465
110 490
110 63
110 651
110 675
110 909
111 121
111 134
111 170
111 172
11 119
111 190
111 319
11 146
111 494
111 525
111 574
111 661
111 678
111 714
111 81
111 857
111 938
111 994
112 132
112 162
112 226
112 32
112 328
112 378
11 245
112 67
112 674
112 686
112 69
112 738
112 865
112 919
113 126
113 216
113 263
113 280
113 282
113 473
113 564
113 572
113 6
113 669
113 773
113 846
11 386
113 922
113 994
113 996
114 155
114 23
114 266
114 304
114 323
114 462
114 491
114 645
114 681
114 76
114 842
114 997
11 505
11 508
115 191
115 274
115 318
11 54
115 491
115 529
115 650
115 653
115 667
115 677
115 681
115 691
115 714
115 809
115 876
115 882
115 884
115 912
115 99
116 238
116 500
11 66
11 67
116 829
116 861
116 944
117 163
117 246
117 321
117 347
117 406
117 46
117 491
117 547
117 565
117 592
117 644
117 689
117 749
117 772
117 795
117 795
117 822
117 852
117 930
117 989
11 812
118 142
118 198
118 213
11 844
118 542
11 868
118 706
118 732
118 895
118 90
118 957
119 10
119 321
119 504
119 749
119 898
119 915
119 976
119 981
120 141
120 156
120 230
120 451
120 491
120 575
120 621
120 783
120 92
12 123
121 24
121 318
12 137
121 437
12 147
121 554
121 636
121 646
12 172
121 905
121 954
122 129
122 31
122 534
122 536
12 255
122 67
122 672
122 693
122 712
122 743
122 750
122 831
12 285
122 86
122 92
123 158
123 240
123 332
123 545
123 578
123 602
123 733
124 112
124 39
124 465
124 479
124 55
124 555
124 76
124 801
124 822
124 837
124 892
125 135
125 189
125 225
125 284
125 366
125 426
125 452
125 482
125 494
125 753
125 809
125 819
125 94
126 145
12 618
126 198
126 21
126 361
126 593
126 642
126 688
126 71
127 15
127 150
127 188
127 20
127 341
127 513
127 544
12 764
127 688
127 753
127 867
127 981
128 172
128 294
128 47
128 530
128 602
128 660
128 726
128 729
128 808
128 854
128 862
128 885
128 945
129 114
129 47
129 582
129 707
129 890
129 929
129 954
129 964
130 124
130 324
130 40
130 515
130 571
130 688
130 790
130 847
130 972
130 973
131 152
131 305
131 332
131 49
131 491
131 532
131 535
131 543
13 161
131 637
131 742
131 821
131 871
132 131
132 170
132 291
132 327
132 437
132 438
132 486
13 259
13 27
132 805
13 287
132 872
132 881
132 918
132 983
133 145
133 178
133 2
133 257
133 293
13 33
13 336
133 390
133 425
133 452
133 660
133 663
133 679
133 75
133 757
133 769
133 772
133 860
133 944
133 982
134 113
134 279
134 336
134 363
134 367
13 467
134 696
134 708
134 727
134 804
13 484
134 90
135 161
135 211
135 248
135 31
135 357
135 384
135 424
13 55
135 549
135 608
13 563
135 765
135 860
135 87
135 941
135 958
136 164
136 211
136 3
136 54
136 554
136 576
136 735
136 780
137 101
137 146
137 165
137 173
137 18
137 28
137 339
137 342
137 365
137 442
137 45
137 453
137 646
137 654
137 726
137 761
137 766
1 379
137 983
138 122
138 371
138 463
13 855
138 635
138 768
138 784
13 882
138 858
138 921
138 96
138 975
139 213
139 273
139 314
139 356
139 368
139 388
139 420
139 456
139 50
139 621
139 671
139 767
139 809
139 821
139 980
140 103
140 123
140 139
140 24
140 288
140 399
140 423
140 473
140 608
140 675
140 680
140 686
140 708
140 708
140 833
140 846
140 865
140 890
140 924
141 137
141 143
141 180
141 309
141 35
14 138
141 454
141 456
141 46
14 150
141 681
141 764
141 983
14 207
14 214
142 17
142 180
1 422
14 222
142 251
142 280
142 281
142 350
142 41
142 536
14 259
142 876
142 901
142 968
143 137
143 142
143 167
14 336
143 362
143 389
143 45
143 466
143 501
14 352
143 524
143 526
14 357
143 588
143 692
143 763
143 764
143 941
143 981
143 988
144 103
144 208
144 212
144 236
144 43
144 658
144 900
144 972
145 134
145 261
145 288
145 375
145 470
145 481
145 492
145 504
145 534
145 800
145 903
145 932
145 983
1 462
146 246
146 266
14 640
146 567
146 640
14 673
146 760
146 773
146 835
146 846
147 104
147 140
147 185
147 360
147 431
147 519
147 572
147 65
147 68
147 963
148 115
148 202
14 83
148 351
148 473
148 473
148 496
148 526
148 736
148 875
148 986
149 232
149 298
149 346
149 457
149 483
149 563
149 611
14 970
149 728
149 751
149 816
149 870
149 899
149 956
150 1
150 111
150 15
150 205
150 214
150 214
150 44
150 496
150 580
150 591
150 614
150 822
150 834
150 865
150 891
15 105
151 253
151 409
151 409
151 474
151 490
151 529
151 563
151 713
151 737
151 803
151 900
15 2
1 520
15 201
152 1
152 124
152 165
15 221
152 223
152 386
152 454
15 25
15 266
152 691
152 700
152 775
15 290
15 294
15 30
15 308
153 147
153 348
153 362
15 343
153 52
153 563
153 564
153 714
15 374
153 79
154 21
154 234
154 338
154 396
154 707
154 84
154 905
155 235
155 250
155 384
15 540
155 419
155 441
155 454
155 505
155 582
155 654
155 723
15 578
155 935
155 970
15 598
156 153
156 186
156 198
156 222
156 233
156 26
156 333
156 357
156 405
156 453
156 484
156 566
156 658
156 670
156 771
156 801
156 836
15 684
156 882
156 922
15 694
15 694
156 972
157 238
157 416
157 471
157 50
157 531
157 662
157 674
157 754
15 776
157 903
157 928
158 135
158 143
158 154
158 195
158 201
158 215
158 22
15 823
158 244
158 538
15 863
158 643
158 759
15 876
159 124
159 151
159 202
159 27
159 357
159 383
159 397
159 539
159 620
159 666
159 769
159 777
159 822
159 935
159 968
160 156
160 160
160 261
160 458
160 529
160 615
160 64
160 71
160 813
160 850
160 982
161 116
161 178
161 280
161 321
161 417
161 418
161 519
161 637
161 695
161 707
161 812
161 941
162 198
162 201
162 471
162 482
162 610
162 621
162 693
162 770
162 794
162 865
162 887
16 307
163 112
163 136
163 257
163 325
163 343
16 344
16 36
16 365
163 694
163 752
163 834
164 129
164 136
164 187
164 24
164 255
16 430
164 344
164 394
164 504
16 452
164 526
164 585
16 460
164 643
164 751
164 768
164 902
164 962
164 998
165 197
165 304
165 424
165 77
16 587
165 872
166 11
166 146
166 203
16 626
166 264
166 386
166 439
166 450
166 536
166 567
166 678
166 72
166 815
166 868
166 900
166 904
16 692
167 104
167 117
167 121
167 142
167 243
167 356
167 4
167 426
167 472
167 492
167 500
167 53
16 781
167 863
168 393
168 48
16 853
16 86
168 60
168 633
168 638
168 645
168 752
168 84
168 869
168 915
168 999
169 108
169 117
169 13
169 160
169 302
169 302
169 446
16 950
169 661
169 686
169 718
169 748
170 130
170 174
170 183
170 261
170 335
170 559
170 581
170 608
170 746
170 763
170 789
170 81
170 876
170 960
170 974
171 210
171 327
171 347
171 431
171 536
171 591
171 696
171 732
171 744
171 754
171 772
171 802
171 906
171 969
171 973
172 115
17 22
172 23
172 325
172 367
172 48
172 517
172 585
172 591
172 646
172 656
172 722
172 759
172 882
172 886
172 920
172 927
173 223
173 275
173 302
173 317
173 346
173 531
173 567
17 361
173 804
173 880
173 932
174 168
174 179
174 187
174 188
1 742
17 42
174 303
174 31
174 311
174 328
17 457
174 79
174 948
175 18
175 357
17 54
175 404
175 447
175 472
175 585
175 753
175 771
17 578
175 830
175 882
175 940
176 115
176 119
176 173
176 185
176 271
176 337
17 634
176 420
176 559
176 78
17 682
177 164
177 241
17 725
177 319
177 451
177 5
177 60
17 771
17 771
177 890
177 902
177 904
177 942
177 959
177 963
178 100
178 12
178 205
178 21
178 287
178 297
178 330
178 360
178 45
17 848
178 481
17 853
178 558
178 653
178 662
17 870
178 722
178 877
178 960
178 990
179 147
179 251
179 291
179 329
179 403
179 54
179 571
179 633
179 675
179 709
179 879
179 88
180 111
180 294
180 295
180 368
180 482
180 760
180 777
180 837
180 842
180 943
18 113
181 142
181 323
181 430
181 479
18 152
181 544
181 554
181 698
18 175
181 769
181 80
181 805
181 840
181 923
181 960
1 820
182 312
182 325
182 333
182 385
182 420
182 494
182 575
182 598
182 663
18 288
182 931
182 947
18 297
183 286
183 299
183 313
183 45
183 454
18 350
183 552
183 673
183 699
183 750
183 767
18 38
184 161
184 19
184 244
184 353
184 391
184 399
184 458
184 492
184 562
18 468
184 74
184 804
18 507
185 239
185 293
185 305
185 417
185 471
185 553
185 687
185 702
185 787
185 82
185 933
185 97
185 988
186 121
186 14
186 169
186 17
186 290
186 31
186 505
186 628
186 644
186 653
186 801
186 954
187 164
187 192
187 363
18 739
187 422
187 586
187 621
187 632
187 809
187 983
18 803
188 165
18 822
188 316
188 352
188 663
188 76
188 777
18 902
18 904
189 253
189 292
189 32
189 369
189 42
189 489
189 67
189 736
189 869
189 876
189 922
190 279
190 341
190 346
190 354
190 441
190 453
190 593
190 633
190 651
190 733
190 773
190 776
190 79
190 895
190 930
190 990
191 1
191 249
191 251
191 335
19 137
191 501
191 522
191 656
191 911
19 216
192 232
192 35
192 350
192 352
192 455
192 579
192 583
192 631
192 725
192 839
192 892
192 903
193 104
193 204
193 290
193 307
193 378
193 422
193 551
193 590
193 607
193 737
193 759
19 380
193 801
193 893
193 945
193 953
193 975
194 103
194 365
194 489
194 513
194 612
194 779
194 796
194 809
194 809
194 959
195 151
195 215
19 526
195 325
19 533
195 381
195 507
195 747
195 947
196 178
196 202
196 22
196 321
196 432
196 447
196 448
196 458
19 650
19 652
196 613
196 829
196 903
196 910
19 696
197 140
197 202
197 227
197 262
197 375
197 441
197 484
197 513
197 606
197 621
197 646
197 712
197 74
197 783
19 786
197 964
198 189
19 857
198 575
198 575
198 611
198 63
198 739
198 75
198 909
199 299
199 35
199 42
199 491
199 632
199 633
19 965
199 690
199 720
199 749
1 998
199 815
199 851
200 103
200 209
200 301
200 323
200 338
200 395
200 543
200 629
200 747
200 754
200 757
200 775
200 868
201 157
201 159
201 203
201 214
201 262
201 274
20 129
201 623
201 645
201 688
201 717
201 739
201 790
201 880
201 92
20 205
202 155
20 227
202 305
202 308
202 440
202 481
202 558
202 696
202 75
202 877
202 883
203 111
203 201
20 324
203 328
203 400
203 583
203 61
203 627
203 745
203 840
203 855
203 978
204 104
204 213
204 233
204 330
204 389
204 401
204 410
204 452
204 602
204 616
204 62
204 652
204 898
204 98
20 510
205 114
205 188
205 215
205 237
205 317
205 404
205 420
205 432
205 507
20 563
205 650
205 670
205 821
20 597
205 986
20 610
206 201
206 22
206 256
206 355
206 358
206 456
206 467
206 531
206 539
206 655
206 682
206 683
206 780
206 851
206 913
206 97
206 979
207 17
207 235
207 341
207 385
20 743
207 430
207 588
20 773
20 773
207 901
207 931
208 146
208 147
208 179
20 820
208 262
208 287
208 301
208 385
208 399
208 519
208 520
208 546
208 639
208 679
208 698
208 812
208 818
208 944
209 147
209 276
209 348
209 365
209 37
209 388
209 401
209 461
209 647
209 665
209 715
209 724
209 750
20 99
209 947
210 344
210 384
210 434
210 498
210 566
210 590
210 644
210 67
210 774
210 787
210 943
21 106
21 109
21 119
211 224
211 301
21 132
211 380
21 139
211 447
211 469
211 491
211 502
211 547
211 592
21 177
212 112
212 185
212 19
212 246
212 276
212 433
21 249
212 52
212 590
212 602
212 619
212 638
212 655
212 798
212 972
21 299
213 104
213 168
213 180
213 316
213 351
213 417
213 508
213 621
213 670
213 680
213 715
213 741
21 382
213 87
21 391
213 993
214 122
214 221
214 268
214 355
214 387
214 395
214 419
214 566
214 581
214 639
21 466
214 696
214 711
214 762
214 804
214 829
214 872
214 944
214 946
214 974
21 502
215 182
215 214
215 339
215 632
215 709
215 742
215 753
215 847
215 87
215 87
215 88
216 178
216 247
216 32
216 4
216 468
216 522
216 542
216 582
216 60
216 652
216 756
216 867
216 920
217 10
217 122
217 237
217 275
217 324
217 367
217 374
217 390
217 448
217 661
21 767
217 755
217 817
21 799
21 805
218 123
21 814
218 173
218 193
218 221
218 292
218 316
218 494
218 542
218 567
218 658
218 685
218 736
218 812
218 855
21 893
218 993
219 195
21 937
219 402
219 448
219 543
219 569
219 670
219 839
219 90
219 905
220 237
220 277
220 29
220 311
220 41
220 446
220 534
220 548
220 626
220 726
220 747
220 946
220 952
220 956
221 207
221 213
221 27
221 717
221 738
221 742
221 878
22 192
221 993
222 106
222 242
222 467
222 47
222 487
222 50
222 511
22 260
222 658
222 668
222 972
223 2
22 332
223 423
223 469
223 671
224 135
22 417
224 260
224 305
224 332
224 387
224 402
224 465
224 478
224 578
224 619
22 466
224 669
224 714
224 761
224 928
224 964
224 997
225 154
22 517
225 177
225 206
225 252
225 342
225 433
225 621
225 675
225 759
225 766
225 807
225 824
226 140
22 617
226 180
226 196
226 564
226 631
226 70
226 727
226 76
226 790
226 90
226 934
226 956
227 16
227 184
227 203
227 372
227 424
227 426
227 445
227 492
227 582
227 611
22 762
227 634
227 654
227 823
227 88
22 797
228 102
22 821
228 262
228 346
228 447
228 714
22 895
229 153
229 18
2 292
229 221
229 275
229 305
229 359
229 377
229 715
229 755
229 778
229 894
22 99
229 982
230 399
2 304
230 448
230 467
230 895
230 943
231 334
231 517
23 159
231 605
231 676
231 749
231 758
231 818
231 918
23 211
232 299
232 378
232 38
232 453
232 487
232 548
232 600
232 689
232 696
232 789
232 8
232 804
233 143
233 277
233 368
233 409
23 346
233 670
233 805
233 841
233 86
233 868
233 881
233 994
234 19
234 193
234 331
234 347
234 399
23 441
234 56
234 581
23 46
23 47
23 473
234 85
234 868
234 91
235 102
235 167
235 198
2 352
235 310
235 339
235 349
235 357
235 422
235 563
235 865
235 939
236 109
236 193
236 207
236 264
236 277
236 321
236 33
236 35
236 526
236 634
236 818
236 919
23 708
237 116
237 214
237 26
23 730
237 349
237 487
237 525
2 376
237 628
237 638
237 651
237 698
237 726
237 78
237 900
237 985
238 129
238 208
238 250
238 439
238 465
238 466
238 532
23 856
23 858
238 590
238 67
238 704
238 771
238 811
238 894
238 997
239 125
239 149
239 203
239 323
239 518
239 573
239 657
239 66
23 984
239 94
239 950
240 276
240 341
240 571
240 619
240 665
240 683
240 776
240 861
240 863
240 89
240 940
241 160
241 181
241 208
241 363
241 392
241 431
241 446
241 45
24 149
241 523
24 156
241 803
241 837
24 207
242 115
24 221
242 221
242 269
242 294
24 240
242 454
242 506
24 255
242 575
242 577
242 703
242 716
242 900
242 937
243 142
243 256
243 399
243 413
243 474
243 573
243 65
243 652
243 66
243 841
243 892
243 941
244 158
244 336
244 444
244 505
244 537
244 685
244 930
245 200
245 280
245 334
245 390
245 445
245 520
245 640
245 750
245 791
245 901
245 917
245 97
246 103
246 2
246 290
246 346
246 464
246 48
246 521
246 648
246 687
246 829
246 835
246 892
247 145
247 303
247 408
24 743
247 463
247 473
247 597
247 674
247 675
247 747
247 925
248 217
248 233
248 32
248 378
248 535
248 561
248 575
248 579
248 607
248 724
248 785
248 791
249 106
249 136
249 204
249 207
249 223
249 229
24 925
249 265
249 298
249 391
249 538
249 6
249 609
249 640
249 655
249 703
249 745
249 822
249 823
249 925
250 227
250 282
250 411
250 449
250 494
250 534
250 555
250 880
250 97
251 122
251 196
251 20
251 201
25 121
251 244
251 255
251 31
251 434
251 506
251 521
251 529
251 682
251 718
251 80
251 813
251 955
252 17
25 218
25 221
252 284
25 231
252 333
252 370
252 375
252 385
252 453
252 46
252 469
252 562
252 587
252 628
252 703
2 529
252 910
252 991
253 128
253 154
253 222
253 282
253 350
253 392
253 395
253 439
253 73
253 819
253 847
25 387
253 896
253 964
25 41
254 181
254 203
254 281
254 308
254 342
254 437
254 576
254 685
254 743
254 747
25 484
254 846
255 130
255 18
255 19
255 312
255 490
255 517
255 533
255 557
255 596
255 697
255 88
255 911
25 594
255 941
255 944
25 606
256 165
256 216
256 256
256 257
256 27
25 630
256 340
25 643
256 56
256 589
256 609
256 68
256 955
257 19
257 216
257 218
257 283
257 388
257 445
257 558
257 573
257 584
257 737
257 79
257 827
257 866
25 788
257 941
258 138
258 154
258 188
258 239
258 274
258 310
258 353
258 386
258 453
258 506
258 642
258 711
258 712
258 760
25 881
258 833
258 839
258 851
258 931
25 899
259 102
259 105
259 135
25 92
25 920
259 258
25 927
2 593
259 338
259 373
259 551
259 60
259 705
259 81
259 819
260 248
260 27
260 312
260 346
260 463
260 525
260 653
260 731
260 80
260 84
260 863
260 875
260 900
260 972
260 972
261 100
261 146
261 177
261 227
261 262
261 269
261 283
261 316
261 375
261 383
261 39
261 420
261 440
261 485
261 490
261 519
261 519
261 686
261 700
261 781
261 816
261 842
261 900
261 911
261 954
26 209
262 110
262 151
262 188
26 225
262 255
262 261
262 28
262 347
262 376
262 432
262 437
262 600
263 148
263 175
263 2
263 230
263 305
263 361
263 402
263 438
263 607
263 607
263 636
263 917
263 922
263 940
263 969
263 976
264 131
264 276
264 42
264 421
264 486
264 59
264 687
264 768
264 830
264 977
265 181
265 380
265 539
265 756
26 576
265 825
265 838
26 6
266 14
266 154
266 260
266 318
266 361
266 368
266 580
266 593
266 603
266 646
266 762
266 828
266 922
267 10
267 162
267 189
267 198
267 210
267 220
267 252
267 332
267 333
267 419
267 432
267 513
267 66
267 826
267 844
267 894
267 962
268 108
268 149
268 166
26 84
268 440
268 651
268 906
269 147
269 151
269 198
269 228
269 305
26 937
269 371
269 404
269 424
269 596
269 641
269 649
26 966
269 8
2 699
269 923
269 975
270 185
270 20
270 218
270 220
270 280
270 383
270 443
270 446
270 479
270 485
270 487
270 512
270 664
270 678
270 735
270 816
270 875
27 1
271 148
271 309
271 417
271 458
271 595
271 603
271 610
271 615
271 853
27 191
272 110
272 167
272 178
272 228
272 308
272 375
272 39
27 24
272 409
272 413
272 415
272 477
272 672
272 823
272 845
272 94
273 191
273 271
273 329
273 429
273 473
273 720
273 779
273 863
273 967
273 985
274 107
274 287
27 431
274 38
274 396
274 429
274 497
274 544
274 562
274 565
274 703
27 475
274 761
274 917
274 952
275 120
275 152
275 20
275 226
275 353
275 466
275 522
275 610
275 686
275 807
27 589
275 934
275 938
276 193
276 245
276 247
276 252
276 265
276 315
276 329
276 388
276 401
276 427
276 471
276 57
276 587
276 612
276 747
276 844
27 730
27 737
277 463
27 747
277 557
27 767
277 783
277 852
277 862
278 270
278 289
278 571
278 585
278 594
278 598
278 642
278 755
27 896
27 901
27 905
279 262
279 400
279 400
279 621
279 793
279 797
279 812
279 88
27 989
279 943
279 977
280 242
280 35
280 394
280 430
280 589
280 719
280 93
281 160
281 194
281 223
281 433
28 144
281 473
281 587
281 601
281 601
281 674
281 698
28 175
281 805
281 910
282 248
282 296
282 315
282 396
28 245
282 59
282 737
282 767
282 800
282 830
283 118
283 240
283 309
283 314
283 354
283 471
283 482
283 602
28 363
283 652
283 738
28 374
283 786
283 81
283 845
283 851
283 86
283 9
283 939
284 185
284 383
284 401
28 453
284 552
284 562
284 617
284 713
284 851
284 915
285 200
285 558
285 594
285 686
285 691
285 759
285 824
285 9
285 948
286 355
286 46
286 626
286 642
286 718
286 737
286 747
286 79
286 858
286 862
287 257
287 334
287 395
287 549
287 551
287 572
287 58
28 759
287 659
287 888
287 896
287 922
28 804
28 821
28 821
288 222
288 325
288 55
288 648
288 694
288 928
2 890
289 189
289 244
289 269
289 32
289 450
289 473
289 506
289 508
289 61
28 966
289 794
289 821
290 287
290 295
290 382
290 530
290 589
290 726
290 825
291 130
291 169
291 199
291 215
291 345
291 363
29 156
291 577
291 675
291 68
292 107
292 16
292 198
292 397
292 44
292 488
292 498
292 647
292 868
292 946
292 981
29 299
293 144
293 170
293 249
293 281
293 291
293 387
293 430
293 580
293 644
293 775
293 877
293 943
294 10
294 152
294 220
294 271
294 324
294 349
294 513
294 67
294 679
294 734
294 882
294 94
294 954
294 967
294 967
295 221
295 28
295 362
295 459
295 494
295 591
295 619
29 562
295 851
295 926
2 96
29 615
296 202
296 205
296 266
296 381
296 481
296 524
296 547
296 571
296 609
296 663
296 798
296 880
296 885
296 894
296 942
297 116
297 154
29 716
29 716
297 308
297 338
297 401
297 414
297 556
297 595
297 761
297 92
298 100
298 155
298 170
298 252
298 262
29 831
298 314
298 402
298 542
2 987
298 711
298 724
298 772
298 829
298 848
298 879
298 938
2 99
299 124
299 170
299 229
299 243
299 327
299 338
299 338
299 369
29 937
299 443
299 459
299 475
299 487
299 506
29 960
299 621
299 665
299 669
29 969
299 705
29 981
299 81
299 862
299 947
299 957
300 11
300 145
300 160
300 253
300 626
300 75
300 791
300 856
300 923
300 95
300 956
300 990
30 135
301 366
30 144
301 481
301 501
301 595
301 611
301 633
301 682
301 702
30 172
301 765
301 814
301 829
301 837
30 204
302 143
302 160
302 334
30 241
302 442
302 442
302 480
302 539
302 582
302 613
302 663
302 690
302 754
302 84
302 922
303 106
303 240
303 377
303 505
303 572
303 586
303 678
303 984
30 408
304 104
304 148
304 209
304 305
30 432
304 409
304 505
304 55
304 567
304 621
304 771
304 832
30 487
304 873
30 510
305 178
305 27
305 393
305 432
305 456
305 473
305 561
305 633
305 636
305 731
305 817
306 207
306 23
306 274
306 312
306 449
306 498
306 526
306 557
306 586
306 6
306 634
306 749
306 75
306 79
306 82
30 688
306 88
306 99
307 102
307 3
30 733
307 355
307 388
307 438
307 461
307 463
307 554
30 776
307 80
307 899
30 808
308 391
308 455
308 463
308 506
308 716
308 765
308 778
308 817
308 87
308 926
308 946
30 910
309 188
309 198
309 401
309 529
309 63
309 751
309 924
309 933
309 98
310 104
310 121
310 137
310 207
310 268
310 332
310 424
310 465
310 510
310 654
310 670
310 951
311 185
311 196
311 261
311 362
311 362
311 75
311 812
311 833
311 868
31 197
31 204
312 144
31 226
312 314
312 337
312 594
312 63
312 642
312 66
312 814
312 834
312 908
312 918
312 955
31 31
313 20
31 327
313 469
313 509
313 570
313 876
314 111
314 13
314 147
314 264
31 430
314 312
314 413
314 493
314 558
31 457
314 661
31 477
314 806
314 887
314 891
314 949
314 965
3 15
315 168
315 203
315 316
31 542
31 550
315 54
315 553
315 577
31 562
315 672
315 684
315 697
315 712
315 739
315 744
31 580
315 846
315 848
315 886
31 6
316 104
316 112
316 155
316 215
316 33
316 350
31 642
316 541
31 656
316 723
316 773
316 821
316 837
316 866
3 169
316 98
317 15
317 285
317 312
317 330
317 359
317 461
31 784
318 171
318 178
318 214
31 824
31 825
31 83
318 306
318 419
318 508
318 52
318 524
318 532
31 855
318 599
318 615
318 651
318 680
318 747
318 77
31 883
318 866
319 117
31 931
319 346
319 446
319 458
319 485
319 509
319 51
319 599
319 698
319 705
319 819
319 831
319 917
319 950
320 384
320 495
320 531
320 592
320 602
320 739
320 739
320 759
320 919
320 975
321 119
321 231
321 253
321 258
321 28
321 280
321 360
321 368
321 463
321 466
321 466
321 535
321 56
321 57
321 620
321 634
321 750
321 838
321 956
322 13
322 173
322 252
322 294
322 34
322 344
32 24
322 549
322 584
322 628
322 650
322 745
322 794
322 877
322 945
323 232
323 366
323 45
323 664
323 693
323 729
323 831
323 884
323 909
323 94
323 957
324 173
324 290
324 341
324 384
324 385
324 401
324 402
3 245
324 539
324 544
32 455
324 618
324 640
324 653
324 981
325 124
325 157
325 209
325 333
325 368
325 422
325 477
325 477
325 875
325 880
32 590
325 913
325 915
325 966
326 119
326 162
326 196
326 22
326 275
326 44
326 52
326 604
326 743
326 743
326 810
326 921
32 698
327 119
327 300
327 412
327 562
327 620
327 626
32 768
327 866
328 16
32 852
328 671
328 831
328 836
328 916
329 113
329 148
329 158
329 195
329 212
329 231
32 924
329 243
32 926
329 316
329 384
32 951
329 538
329 624
329 717
329 723
329 746
32 986
329 914
329 917
330 160
330 269
330 497
330 693
330 70
330 740
330 751
330 877
330 908
33 10
331 265
331 383
331 412
33 152
331 618
331 638
33 18
331 840
331 843
33 2
33 213
332 166
332 228
332 33
332 430
332 568
332 657
332 721
332 803
332 854
33 291
332 950
332 954
333 106
333 118
333 18
333 226
333 260
333 320
333 366
333 389
333 561
333 623
333 674
333 744
333 948
334 129
33 429
334 309
334 315
334 393
334 414
334 426
334 482
334 527
334 574
33 462
334 632
334 806
334 936
335 222
335 323
335 550
335 559
335 586
335 614
335 735
335 75
335 876
335 913
33 605
336 130
336 20
336 200
336 209
33 621
336 425
336 589
33 661
33 666
336 686
336 803
337 234
337 280
33 752
337 60
337 676
337 692
337 864
337 896
33 791
337 996
33 812
338 157
338 201
338 215
338 250
338 492
338 506
338 600
338 907
338 956
339 14
339 197
339 266
339 342
339 369
33 955
339 61
339 785
339 931
339 993
340 246
340 269
340 282
340 335
340 52
340 529
340 652
340 837
340 848
340 943
341 122
341 138
341 144
341 281
341 348
341 398
341 406
341 683
341 702
341 729
341 830
341 846
341 868
341 9
34 196
341 974
341 979
341 99
342 114
342 118
342 119
342 123
342 205
342 273
342 297
342 365
342 416
342 60
342 688
342 708
342 738
342 798
342 834
342 851
342 87
34 303
34 304
34 309
34 329
343 31
343 328
343 446
343 501
343 550
343 584
343 638
34 365
343 673
343 765
3 439
343 914
34 392
343 950
343 988
344 103
344 204
344 261
344 290
344 354
344 374
34 438
344 460
344 628
344 631
344 666
344 697
344 738
344 808
344 829
344 905
345 190
345 284
345 323
345 325
345 358
345 616
345 893
3 459
346 180
346 238
346 347
346 390
346 431
346 621
346 746
34 681
346 861
346 870
346 937
347 19
347 264
34 728
347 327
347 327
347 349
347 380
347 51
347 52
347 531
347 600
347 61
347 721
347 784
347 80
347 947
348 110
348 120
348 121
348 18
348 370
348 409
348 434
348 478
348 627
348 653
348 855
348 943
348 966
349 102
349 452
349 552
349 590
349 662
349 671
349 804
349 821
349 904
350 111
350 200
350 242
350 287
350 355
350 43
350 444
350 470
350 512
350 567
350 66
350 692
350 755
350 76
35 117
351 265
351 3
351 483
351 495
351 530
351 548
351 550
351 606
351 648
35 167
351 687
351 715
351 753
351 861
351 895
351 980
352 16
352 162
35 221
352 303
352 35
352 397
352 477
352 487
352 529
35 253
352 64
352 673
352 700
352 755
352 768
352 870
35 29
353 105
353 194
353 225
353 371
35 343
353 440
353 562
353 587
353 603
353 705
353 956
353 980
354 111
354 23
354 266
354 296
35 433
35 439
354 450
354 52
354 56
354 568
354 597
354 624
354 845
354 846
354 913
355 145
355 147
355 201
355 240
355 375
355 496
355 530
355 778
355 794
355 805
355 872
355 946
355 948
356 106
356 146
356 220
35 627
356 578
356 595
356 609
356 666
356 683
35 67
356 843
356 866
356 878
356 88
356 962
357 233
357 265
357 33
357 350
357 420
357 424
357 790
357 805
357 84
357 989
358 208
358 376
358 397
35 840
358 444
358 447
358 542
358 580
358 795
358 90
358 906
359 227
359 330
359 508
359 591
359 811
359 965
360 257
360 32
360 358
360 428
360 635
360 691
360 736
360 749
360 816
360 85
360 875
360 879
36 118
361 273
361 54
36 158
36 178
361 798
361 918
361 927
361 985
362 341
362 413
362 445
362 529
362 609
362 719
362 724
362 726
362 906
362 956
363 104
363 149
363 224
363 3
363 310
363 38
363 423
363 453
363 462
363 469
363 602
363 679
363 8
363 951
364 129
364 315
364 391
364 507
36 460
364 976
365 214
365 347
36 535
365 40
365 513
365 552
365 565
365 741
366 153
366 177
366 318
36 639
366 497
366 627
366 627
366 676
366 77
366 771
366 780
366 782
366 789
36 68
366 832
36 69
366 903
36 697
367 11
367 190
367 25
367 305
367 309
367 35
367 391
367 497
36 76
367 608
367 683
367 687
367 71
367 71
367 859
367 898
367 979
367 994
368 122
368 130
368 136
368 158
368 231
368 278
368 297
36 841
36 862
368 636
368 665
36 881
368 899
368 908
369 104
369 13
369 137
369 197
369 25
369 263
369 270
369 285
369 38
369 433
369 499
369 582
369 732
369 760
369 845
369 879
369 967
369 976
370 147
370 280
370 29
370 35
370 562
370 58
370 634
370 708
370 884
370 974
37 1
371 109
371 135
371 149
371 175
371 383
371 404
371 425
37 150
371 51
371 60
371 628
371 700
371 755
371 81
371 819
37 19
371 920
371 934
372 127
372 247
372 293
372 421
372 447
372 449
372 466
372 526
372 53
372 571
372 640
372 757
372 809
37 282
372 820
373 182
373 410
373 479
373 596
373 600
373 601
373 930
374 175
374 274
374 356
374 500
374 561
374 562
374 609
374 66
374 661
374 684
374 825
37 485
374 871
374 937
375 138
375 183
375 185
375 203
37 525
375 301
375 314
375 538
375 543
375 556
375 669
375 714
375 814
375 841
375 960
375 978
375 98
376 170
376 171
376 230
376 292
376 349
37 636
376 437
37 644
376 466
376 527
376 544
376 610
376 706
376 737
376 878
376 963
377 235
37 724
377 293
377 306
37 737
377 377
377 45
377 492
377 536
377 546
377 60
377 614
377 625
377 657
377 753
377 754
37 781
377 849
378 125
378 178
378 283
378 357
378 399
37 842
378 428
378 528
378 727
37 879
378 831
378 835
378 85
378 869
378 921
378 985
379 178
379 308
379 414
37 947
379 586
379 787
380 227
380 464
380 487
380 832
380 996
381 107
381 171
381 256
381 302
381 401
38 168
381 700
381 733
381 747
381 839
382 132
382 207
382 216
382 276
382 388
382 535
382 556
382 578
382 75
382 779
383 118
38 315
383 223
383 330
38 334
383 56
383 583
383 59
383 657
383 79
383 835
383 920
383 939
384 154
384 321
384 397
384 43
384 475
384 485
384 528
384 585
384 588
384 612
384 70
384 872
384 918
384 931
385 213
385 219
385 269
385 319
385 39
385 4
385 456
385 523
385 556
385 641
385 685
385 686
385 837
385 868
385 876
385 921
385 98
386 101
386 193
386 322
38 639
386 760
386 847
386 91
386 992
387 155
387 155
387 17
387 196
387 383
387 460
387 479
387 493
387 525
387 602
387 690
387 744
387 758
387 783
387 84
387 864
387 894
387 975
388 175
388 273
388 279
388 490
388 518
388 611
38 871
388 711
388 841
388 888
388 983
389 268
389 359
389 363
389 379
389 47
389 505
389 550
389 562
389 61
389 619
389 680
389 793
390 14
390 2
390 265
390 3
390 326
390 384
390 387
390 610
390 681
390 838
390 856
390 911
39 101
391 146
391 343
3 914
391 445
391 465
391 502
391 86
391 944
39 201
392 158
392 171
392 225
392 244
392 319
392 351
392 378
392 428
392 516
392 531
392 577
392 584
392 612
392 629
392 745
392 767
392 815
392 869
393 119
39 313
393 212
393 452
393 538
393 695
393 792
393 927
394 196
394 371
394 394
394 513
394 713
394 839
39 488
394 944
394 971
395 235
395 241
395 267
395 28
395 302
395 305
395 313
395 450
395 490
39 551
395 516
395 525
395 707
395 821
395 831
395 841
395 841
395 87
395 890
396 123
396 130
396 136
396 289
396 320
396 439
396 459
396 543
39 661
396 671
396 838
396 946
396 967
396 981
39 702
397 420
397 423
397 616
397 66
39 767
397 709
397 73
397 749
397 833
397 993
398 138
398 198
398 213
398 252
398 295
398 302
398 482
398 633
398 638
398 666
398 69
398 714
398 726
398 728
398 858
398 959
398 999
399 101
39 913
399 134
399 179
399 193
399 246
399 277
399 294
399 39
399 434
399 518
399 542
399 59
399 627
399 651
399 721
399 721
399 795
399 95
399 992
400 193
400 319
400 358
400 5
400 536
400 796
400 971
400 981
400 99
401 106
401 184
401 230
401 272
401 344
401 424
40 144
401 48
401 504
401 566
401 575
401 598
401 635
401 86
401 903
40 196
401 968
401 971
401 988
40 213
402 171
402 339
402 384
402 385
402 500
402 510
402 54
402 589
402 646
402 715
402 792
402 823
402 921
402 940
402 998
403 104
403 111
403 316
403 384
403 45
403 565
403 635
403 642
403 663
403 688
403 835
403 839
403 87
403 979
403 989
40 406
40 415
40 419
404 273
404 284
404 599
404 701
40 472
404 732
404 842
404 861
404 946
405 187
405 256
405 27
405 46
405 501
405 669
405 670
405 676
40 580
405 802
406 358
406 38
406 396
40 65
406 516
406 532
406 562
406 664
406 773
40 712
407 201
407 321
407 397
40 74
407 537
407 619
407 676
407 698
407 70
407 706
407 798
407 851
407 903
407 96
407 993
408 103
408 151
408 20
408 244
408 255
408 290
408 304
408 306
408 374
408 41
408 438
408 632
408 65
408 689
408 927
408 958
408 970
408 971
409 137
40 92
409 254
409 257
409 316
409 4
409 433
409 462
409 465
409 482
409 500
409 60
409 704
409 878
409 895
40 994
410 21
410 260
410 315
410 444
410 446
410 524
410 65
410 751
410 773
410 889
410 932
411 145
411 243
411 261
411 393
411 425
411 426
411 441
411 621
411 786
411 795
411 799
4 118
411 897
411 956
411 981
411 996
41 223
412 283
412 313
412 511
412 519
412 636
412 638
412 647
412 696
412 717
412 719
412 897
41 299
412 992
41 301
413 130
413 143
413 156
413 174
413 196
413 236
413 322
413 473
413 490
413 496
413 546
413 850
41 387
413 885
413 951
413 957
414 158
414 164
414 21
414 25
41 430
414 401
414 549
414 612
414 617
414 63
414 740
414 777
414 810
414 830
41 486
4 149
414 907
415 258
41 529
415 37
415 425
415 573
415 604
415 63
415 799
415 851
415 922
415 976
416 185
41 629
416 33
41 638
416 39
416 410
416 561
416 81
416 842
416 968
417 250
417 374
417 444
417 605
417 691
417 71
417 710
417 79
417 947
418 119
418 198
418 227
418 26
418 300
418 430
4 185
418 508
418 679
418 682
418 754
418 790
418 816
418 837
418 896
418 985
419 158
419 423
419 427
419 449
419 458
419 76
419 841
419 912
419 914
419 963
419 991
420 173
420 192
420 26
420 347
420 404
420 472
420 530
420 538
420 663
420 727
420 781
420 925
421 356
421 413
421 521
421 548
42 16
421 698
421 98
42 227
422 29
422 475
42 252
422 521
422 593
422 611
422 677
422 706
422 747
422 772
422 774
422 815
422 825
422 831
422 865
422 926
422 963
42 308
423 125
42 314
423 185
423 209
423 358
423 428
423 573
42 37
423 920
42 394
423 992
42 419
424 273
424 277
424 314
424 316
424 386
42 440
424 485
424 544
424 648
424 675
424 994
425 10
425 132
425 199
425 377
425 439
425 501
425 633
425 793
426 142
42 628
426 411
426 43
426 573
426 583
426 65
42 679
426 790
426 804
426 880
42 692
426 95
426 992
42 708
427 162
427 210
42 736
42 739
427 464
427 493
427 519
427 527
427 563
427 568
427 607
427 695
427 732
427 777
427 942
427 960
42 8
428 126
428 138
428 166
428 173
428 387
428 450
428 47
428 57
428 598
42 86
42 861
428 62
428 767
428 820
428 83
428 887
428 92
428 922
428 979
428 991
42 902
429 121
429 202
429 292
429 449
429 670
429 708
429 854
429 869
429 981
429 992
430 116
430 176
430 191
430 333
430 450
4 305
430 602
430 606
430 612
430 622
430 724
430 739
430 811
430 888
430 956
430 973
431 139
431 234
43 129
431 303
431 353
431 363
431 43
431 448
431 542
431 604
431 779
431 780
43 187
431 87
431 91
431 952
431 968
432 143
432 283
432 404
432 42
432 444
432 494
432 564
432 601
432 645
432 683
432 837
433 198
433 318
433 380
433 407
433 409
433 523
433 636
433 715
433 864
4 34
434 129
434 206
434 256
434 26
434 344
434 4
434 481
434 604
43 466
434 735
434 918
435 191
435 209
435 33
435 648
435 676
435 888
435 979
436 109
436 120
436 298
436 331
436 366
436 445
436 696
436 709
436 739
436 789
436 924
436 956
437 130
437 168
437 201
43 723
437 255
437 411
437 487
437 618
437 65
437 890
437 892
437 951
437 986
437 996
438 187
438 233
438 336
438 355
438 40
438 424
438 512
438 582
438 59
438 621
438 670
438 727
438 749
438 806
43 886
438 871
438 904
438 908
438 909
438 983
439 235
439 256
439 354
439 414
439 48
43 950
439 541
439 544
439 598
43 972
439 770
439 838
439 841
439 858
43 987
439 934
439 970
440 128
440 155
440 180
440 325
440 520
440 583
440 585
440 598
440 74
440 741
440 808
441 113
441 267
441 301
441 441
441 455
441 478
441 565
441 6
441 676
441 724
441 759
441 858
441 878
44 191
442 130
442 148
442 157
442 2
442 444
442 52
442 534
442 551
442 587
442 651
442 825
442 891
442 909
443 153
443 296
443 417
443 470
443 531
443 57
443 595
443 789
443 816
443 911
443 917
443 919
443 962
443 985
444 167
444 278
444 306
444 407
444 606
444 633
444 674
444 688
444 696
444 726
44 488
44 512
445 177
445 180
445 180
445 277
44 530
445 454
445 529
445 672
445 77
445 826
445 91
445 926
446 121
446 131
446 325
446 36
446 419
446 443
446 510
446 549
446 806
446 827
446 839
446 883
446 889
446 90
446 920
447 166
447 228
44 723
447 27
447 28
447 301
447 337
447 436
447 451
447 481
447 636
447 639
447 709
447 744
447 810
447 882
448 102
448 173
448 190
448 305
448 386
448 541
448 55
448 59
448 63
448 681
448 686
448 732
448 745
448 775
448 787
448 787
448 852
448 889
448 961
448 977
449 127
449 164
449 19
449 27
449 288
449 295
449 335
449 382
449 446
449 472
449 654
449 746
449 80
449 816
450 234
450 262
450 358
450 675
450 736
450 875
450 904
450 94
450 952
451 1
451 19
451 235
451 278
451 32
451 369
451 418
451 458
451 489
451 513
451 538
451 559
45 159
451 620
451 670
45 184
451 884
452 162
452 179
452 262
452 327
452 345
452 402
452 420
452 567
452 626
452 678
452 700
45 271
452 717
452 734
452 743
452 751
452 776
4 528
452 800
45 291
452 918
452 946
453 151
453 157
453 2
453 282
453 29
453 298
453 434
453 457
453 502
453 674
4 538
453 869
453 874
45 401
454 205
454 213
45 429
454 294
454 347
454 369
454 597
454 669
454 695
454 717
454 759
454 807
45 492
45 5
455 13
455 146
45 519
455 321
455 365
455 409
455 581
455 635
455 653
45 567
45 567
455 821
455 828
455 833
45 585
456 235
456 46
456 692
456 774
456 786
456 837
456 936
456 98
457 143
45 726
457 372
457 412
45 748
45 751
457 589
457 624
457 764
457 80
457 822
457 841
457 860
457 880
458 158
458 191
458 311
458 438
458 500
45 900
4 591
459 147
459 159
45 926
4 593
459 358
459 532
45 956
459 560
459 564
459 614
459 727
459 762
459 815
45 983
459 963
460 399
460 582
460 672
460 722
460 723
460 725
460 751
460 871
4 609
460 933
461 104
461 201
461 249
461 268
461 455
461 518
461 605
461 675
461 776
461 779
461 913
462 19
462 214
462 214
462 236
462 265
462 287
462 317
462 338
462 639
462 670
462 685
462 729
462 796
462 876
462 898
462 930
463 35
463 4
463 505
463 512
463 569
463 634
463 796
463 807
463 828
463 883
463 973
464 130
464 204
464 333
464 376
464 468
464 511
464 603
464 752
46 478
464 817
464 818
464 898
46 501
46 509
465 11
465 539
465 646
46 565
465 814
46 59
465 923
465 959
46 601
466 155
46 63
466 42
466 472
466 489
466 512
46 668
466 740
466 779
466 782
466 806
466 867
466 900
466 945
467 111
467 425
467 445
467 498
467 565
467 587
467 690
467 692
467 699
467 741
467 752
467 755
46 789
468 113
468 162
468 19
468 239
468 276
468 322
468 349
468 412
468 484
468 486
468 516
468 531
468 914
468 923
46 913
469 367
469 387
469 434
469 578
469 603
469 631
469 677
469 78
469 819
469 869
469 987
470 163
470 164
470 205
470 233
470 248
470 278
470 33
470 357
470 447
470 549
470 584
470 746
470 914
470 999
471 121
471 13
471 196
471 227
471 271
471 295
471 35
471 389
471 499
471 532
471 533
471 57
471 658
471 661
471 693
471 743
471 759
471 860
471 935
472 0
472 1
472 148
472 172
472 228
472 252
472 270
47 231
472 326
472 510
472 608
472 65
472 81
472 900
472 96
472 989
4 730
47 306
4 731
473 161
473 164
473 301
473 409
473 532
473 673
473 681
473 707
473 751
473 795
473 91
473 913
473 988
474 139
474 178
474 243
474 309
474 317
474 326
474 443
474 46
474 481
474 504
474 533
474 540
474 596
474 602
47 461
474 710
474 813
475 178
475 379
4 754
475 470
475 505
475 598
475 715
475 718
475 739
475 756
475 80
475 977
47 611
476 137
476 170
476 178
4 762
476 212
476 227
476 257
47 627
476 3
476 321
476 422
476 476
476 494
476 535
476 597
476 66
476 745
47 708
477 121
477 175
477 234
4 773
477 353
477 435
477 469
477 485
477 50
47 764
477 837
477 933
477 933
477 972
478 219
478 219
478 259
478 305
478 339
478 431
478 457
478 500
478 512
478 521
478 521
478 554
478 587
478 634
478 732
478 756
478 809
478 937
478 990
479 120
479 215
479 23
479 309
47 935
47 936
479 364
479 539
479 561
479 596
479 78
479 783
480 253
480 281
480 30
480 418
480 424
4 805
480 576
480 654
480 71
480 856
480 857
480 863
480 965
481 238
481 45
481 496
481 667
481 670
481 707
48 175
481 791
481 871
481 92
481 975
482 13
482 174
482 194
482 221
482 280
482 290
482 311
482 316
482 350
482 409
482 448
482 451
482 503
482 68
482 727
482 729
482 866
482 879
482 897
482 901
482 976
483 195
483 32
48 335
483 403
483 58
483 588
483 636
483 671
48 369
483 748
483 777
483 794
4 838
483 869
48 393
483 94
48 398
484 16
484 210
48 429
484 302
484 381
484 392
48 442
484 442
484 49
48 452
484 533
484 598
484 647
484 677
484 688
484 758
484 787
484 878
484 953
48 497
484 972
484 979
484 995
485 100
485 116
485 295
485 437
485 586
485 600
485 608
485 649
485 689
485 713
485 995
4 86
486 162
486 203
486 204
486 327
486 350
486 366
486 380
486 414
486 417
486 436
486 474
486 519
486 529
486 722
486 808
486 854
486 879
486 933
487 346
487 45
487 540
487 552
487 674
487 72
487 781
487 794
487 885
48 794
488 113
488 126
488 178
488 280
488 345
488 360
488 396
488 482
488 778
48 880
488 822
488 83
488 878
489 178
489 234
489 321
489 440
489 495
489 679
489 682
48 982
490 173
490 336
490 342
490 359
490 427
490 482
490 54
490 845
490 867
490 89
490 925
491 22
491 255
491 30
491 323
491 358
491 371
491 377
491 425
491 558
491 636
491 807
491 823
491 880
491 911
491 934
49 20
492 186
492 193
492 236
492 24
492 292
492 374
492 39
49 241
492 449
492 464
492 604
492 827
492 927
492 978
492 979
49 307
493 163
493 309
493 315
49 334
493 389
493 462
493 532
493 561
493 562
493 584
493 619
493 687
493 713
493 732
493 9
493 953
493 988
494 200
494 244
494 3
494 497
494 501
494 619
49 472
494 811
494 828
494 846
494 898
494 917
49 493
494 999
495 101
495 117
495 283
495 288
495 36
495 38
495 417
495 542
495 548
495 55
495 655
495 756
495 784
495 806
495 846
495 882
496 302
496 361
496 385
496 491
496 57
496 602
49 664
496 644
496 658
49 668
496 697
496 711
496 738
496 794
496 844
496 851
49 686
496 983
496 998
497 192
497 309
497 404
497 407
497 416
497 495
497 686
497 775
497 886
497 89
497 984
498 21
498 243
49 831
498 363
49 839
498 473
498 582
498 605
498 695
49 874
498 766
498 810
498 877
498 932
499 0
499 129
499 156
499 191
49 923
499 259
499 290
49 94
499 450
499 47
499 470
499 485
499 64
499 681
499 707
499 818
499 836
500 145
500 167
500 17
500 208
500 218
500 338
500 343
500 459
500 461
500 464
500 474
500 476
500 680
500 880
501 152
501 254
501 273
501 453
501 477
501 682
501 682
501 706
501 758
501 808
501 916
501 960
501 990
50 20
502 133
502 214
502 215
502 292
502 333
502 363
502 462
502 936
502 950
502 960
503 133
503 522
503 7
503 713
503 992
504 126
504 164
504 261
504 454
50 453
504 697
504 720
50 484
504 876
505 199
505 255
505 295
505 342
505 382
505 468
505 493
505 504
505 542
505 565
505 595
505 929
50 61
506 119
506 169
506 180
506 193
506 365
50 640
506 441
506 719
506 733
506 734
506 736
506 805
507 245
507 327
507 36
507 371
507 430
507 480
507 591
507 642
507 642
507 655
507 755
507 781
507 834
507 923
507 929
507 943
508 141
50 843
508 508
508 515
508 582
508 628
508 736
508 828
508 84
508 863
508 865
508 88
508 957
509 196
509 207
509 482
509 624
50 964
509 696
50 977
509 876
509 910
509 932
509 978
510 111
510 153
510 213
510 358
510 416
510 498
510 622
510 724
510 790
510 899
510 928
511 104
511 132
511 202
51 126
51 126
511 350
511 399
51 14
511 401
511 410
511 622
511 634
511 668
511 700
51 172
511 897
511 9
511 915
511 981
51 207
51 207
512 22
512 283
512 290
51 244
512 620
512 696
512 757
512 76
512 775
512 853
513 135
513 237
51 33
513 305
513 34
513 357
513 369
513 401
513 489
513 630
513 670
513 686
51 373
513 805
513 831
514 160
514 162
514 201
514 409
514 445
514 503
514 632
514 714
514 754
514 789
514 899
514 920
514 94
515 152
515 176
515 225
515 287
515 296
515 383
515 400
51 561
515 651
515 680
515 687
515 74
515 880
515 924
515 939
515 943
516 340
516 702
51 672
516 75
516 903
517 131
517 143
517 147
51 721
517 269
517 333
517 371
517 386
517 53
517 584
517 676
517 689
51 770
517 724
517 860
517 902
517 916
51 804
518 149
518 236
518 239
518 290
518 39
518 404
518 404
518 683
518 701
518 794
518 871
519 103
519 224
519 377
519 529
519 687
519 73
519 770
519 867
519 877
519 919
520 189
520 408
520 573
520 654
520 846
520 853
520 961
520 993
521 11
521 125
521 231
521 579
521 582
521 600
521 610
521 632
521 708
521 764
521 786
521 851
521 876
521 887
521 996
522 108
522 11
522 13
522 151
522 53
522 62
522 658
522 708
522 760
522 79
522 793
52 280
522 802
522 808
523 157
523 261
52 331
523 324
523 329
523 43
523 507
523 561
523 694
523 789
523 800
523 91
523 935
52 408
524 302
524 479
524 505
524 527
524 566
524 583
524 637
524 828
524 979
524 994
525 172
525 205
525 206
525 227
52 523
525 341
525 346
525 376
525 437
525 480
525 598
525 659
525 800
525 808
525 834
525 978
526 151
526 163
526 170
526 21
526 224
526 239
52 624
526 317
526 390
52 640
526 511
52 66
52 660
526 636
526 668
526 760
526 764
526 876
52 696
52 71
527 11
527 225
527 314
527 358
527 36
527 42
527 439
52 744
527 449
52 754
527 564
527 622
527 805
527 976
52 843
528 482
528 525
528 725
528 807
528 821
529 236
529 297
529 297
529 326
529 382
529 56
529 581
529 591
529 600
529 615
529 664
529 774
529 779
529 850
52 987
529 894
530 113
530 140
530 174
530 300
530 314
530 321
530 331
530 369
530 419
530 456
530 698
530 770
530 789
530 900
530 927
530 991
531 121
531 130
531 135
531 201
531 272
531 33
531 422
531 472
531 54
531 572
531 715
53 173
531 810
531 907
532 141
532 154
532 302
532 311
532 511
532 673
532 721
532 733
532 878
53 290
532 920
533 11
533 14
533 324
533 372
533 384
533 406
533 682
533 83
534 31
534 352
534 357
534 393
534 402
534 428
534 477
534 56
534 629
534 716
534 749
534 845
53 494
535 200
535 446
535 545
535 593
535 699
535 79
535 88
535 985
535 986
536 247
536 29
536 317
536 344
536 348
536 456
536 579
536 662
536 677
536 755
536 770
536 798
536 865
536 961
537 147
53 736
53 744
537 683
537 778
537 8
537 867
537 873
538 167
538 172
538 195
538 224
538 258
538 446
538 452
538 521
538 546
538 600
538 682
538 701
538 702
538 784
538 841
538 865
538 937
539 117
539 132
539 229
539 231
539 249
539 374
539 387
539 412
539 436
539 538
539 710
539 825
53 990
539 94
540 0
540 188
540 22
540 337
540 361
540 561
540 584
540 712
540 746
540 913
540 968
54 106
541 130
541 193
541 278
541 332
54 157
5 417
54 172
541 729
541 767
541 778
541 838
541 877
541 903
542 106
542 273
54 253
542 844
54 286
542 893
542 907
542 934
542 98
54 309
543 229
543 299
543 313
543 384
543 507
543 770
543 780
543 780
543 832
543 883
543 894
543 968
543 982
54 41
544 133
544 265
544 274
544 324
544 483
544 558
544 627
544 702
544 743
544 803
544 846
545 104
54 513
545 258
545 312
545 387
54 539
545 402
545 428
545 592
545 607
545 703
545 926
546 131
546 172
546 276
546 436
546 469
546 624
546 644
546 758
546 771
54 693
546 967
547 3
547 46
547 531
547 6
547 632
547 646
547 682
547 817
547 85
547 875
547 883
547 957
548 158
548 18
54 825
548 397
548 497
548 626
54 87
54 873
548 736
548 817
548 929
54 900
549 115
549 119
549 315
549 392
549 464
549 471
549 546
549 547
549 579
549 619
549 668
549 805
549 886
549 896
549 930
550 29
550 310
550 584
550 656
550 756
550 795
550 899
551 127
551 149
551 416
551 502
551 571
551 738
551 835
551 888
551 968
552 198
55 23
552 337
552 563
552 601
552 667
552 677
55 294
55 307
553 150
55 32
553 34
553 442
55 356
553 582
553 768
553 811
553 911
553 960
554 105
554 158
554 158
554 224
554 283
554 33
554 345
554 375
554 417
554 482
554 491
554 522
554 529
554 593
554 65
554 674
554 983
555 110
555 268
555 372
555 390
555 503
555 64
555 776
555 975
5 561
556 119
556 156
556 205
556 366
55 637
556 432
556 452
556 542
556 543
556 629
556 74
556 749
556 785
556 802
556 802
556 878
556 884
556 992
557 13
557 134
557 138
557 164
557 26
55 729
557 385
557 406
557 429
557 561
557 628
557 680
557 747
557 769
557 80
558 337
55 835
558 418
558 541
558 603
55 867
558 740
558 755
558 830
559 107
559 163
559 280
559 329
559 350
559 409
559 484
559 547
559 681
559 69
559 923
560 114
560 149
560 172
560 229
560 34
560 34
560 407
560 592
560 600
560 69
560 690
560 70
560 899
560 927
561 10
561 127
561 143
561 23
561 443
561 534
561 767
561 769
561 920
56 21
562 320
56 234
562 506
562 544
562 58
562 599
562 600
562 730
562 750
562 871
562 915
563 11
563 148
563 155
563 190
563 316
563 346
563 406
563 433
563 480
563 526
563 544
563 723
563 814
563 855
563 866
563 978
564 163
564 209
56 427
564 303
56 442
564 455
564 597
564 7
564 829
564 879
564 971
565 153
565 210
565 217
565 236
56 536
565 369
565 454
565 506
56 556
565 579
565 585
565 617
56 564
565 701
565 791
565 911
56 612
566 137
566 170
566 22
566 30
56 641
566 440
566 496
566 519
566 644
56 671
566 854
566 88
566 89
566 906
56 691
56 705
567 188
567 225
567 356
567 396
567 430
567 478
567 503
56 753
56 766
567 665
56 772
567 797
568 21
568 270
568 288
568 350
568 448
568 481
568 523
568 585
568 619
568 651
568 728
568 924
569 128
569 21
56 922
569 458
569 46
56 952
5 696
569 658
56 975
56 989
56 994
569 991
570 121
570 18
570 188
570 228
570 264
570 29
570 442
570 668
570 681
570 754
570 771
570 820
570 826
571 116
571 12
571 128
571 363
571 393
571 426
571 587
571 62
571 687
571 705
571 739
571 860
571 88
571 886
572 175
572 262
572 368
572 373
572 598
572 694
572 736
572 906
572 92
572 932
572 956
572 974
573 122
5 732
573 254
573 524
573 527
573 556
57 360
573 655
57 371
573 783
573 80
573 85
573 856
57 395
573 967
573 988
574 128
574 143
57 416
574 267
574 277
574 277
574 410
574 597
574 649
57 466
57 47
574 7
574 714
574 720
574 823
574 830
574 894
57 491
574 919
574 978
575 11
575 21
575 293
575 3
575 362
575 433
575 575
575 648
575 823
575 909
576 169
57 618
576 20
576 365
576 398
5 764
576 402
576 429
576 44
576 485
576 497
57 653
57 654
576 609
576 672
576 698
576 767
576 78
57 682
576 843
576 847
577 168
577 176
577 233
577 361
577 448
57 756
577 571
577 595
577 633
577 795
578 122
57 816
578 208
578 247
578 325
578 332
578 438
578 492
578 504
578 53
578 597
578 615
578 643
57 885
579 239
579 24
579 27
579 296
579 361
579 520
579 544
579 669
579 758
579 818
579 83
579 854
580 111
580 111
580 195
580 286
580 328
580 367
580 453
580 58
580 692
580 810
580 845
580 995
581 144
581 294
581 577
581 802
58 183
5 820
582 164
582 253
58 229
582 295
582 367
582 464
582 466
582 591
582 593
582 730
582 806
582 807
582 826
582 968
583 113
583 121
583 357
583 467
583 524
583 554
583 586
583 752
583 761
583 787
583 811
583 818
58 415
584 150
584 194
58 421
584 218
584 218
584 224
584 366
584 386
584 390
584 397
584 559
584 572
584 615
584 715
584 741
58 475
584 857
584 890
584 898
584 907
584 92
584 94
584 97
58 5
585 172
585 248
585 312
585 419
585 441
585 483
585 490
58 553
585 552
585 559
58 556
585 614
585 696
58 577
585 773
585 849
585 925
585 932
586 221
586 238
586 246
586 275
586 348
586 370
586 377
586 418
58 652
586 570
586 732
586 749
586 750
586 774
586 898
586 899
586 978
586 994
58 700
58 701
587 131
587 174
587 213
587 283
587 817
588 22
588 446
588 579
588 695
588 792
588 826
588 834
588 835
588 859
588 883
588 89
588 945
589 129
589 146
589 231
589 358
589 518
589 586
58 959
589 660
589 70
589 75
589 872
589 934
590 107
590 144
590 306
590 380
590 470
590 621
590 659
590 67
590 676
590 737
590 997
591 351
591 362
591 459
591 475
591 533
591 57
591 596
591 645
591 685
591 779
59 182
591 836
59 200
592 115
592 148
592 228
592 244
592 342
592 398
592 495
592 515
592 544
592 558
592 603
592 626
592 706
592 730
592 858
592 880
593 126
593 164
593 205
593 22
59 324
593 278
593 293
593 37
593 40
593 400
593 404
593 449
593 795
593 983
59 421
594 274
594 295
59 43
594 316
594 341
594 426
594 470
594 549
59 462
594 687
59 47
594 7
594 779
594 917
594 950
594 976
595 162
595 215
595 246
59 535
595 412
595 472
595 528
595 559
595 599
595 646
595 674
595 696
595 697
595 765
595 816
595 846
59 588
595 927
596 238
596 313
596 416
596 529
596 585
596 620
596 653
596 655
596 657
596 660
596 681
596 72
596 726
59 675
59 677
596 80
59 693
596 949
59 710
597 135
597 150
597 203
597 210
597 25
597 259
597 542
597 55
597 65
597 785
59 79
597 91
597 936
597 965
597 982
597 985
598 133
598 370
59 842
598 446
598 479
598 519
598 577
598 578
598 700
598 821
59 907
599 125
599 160
599 226
599 285
599 371
599 497
599 582
599 647
599 708
599 774
599 84
599 992
6 0
600 142
600 196
600 254
600 296
600 324
600 422
600 450
600 578
600 696
600 788
600 853
600 87
600 935
601 290
601 297
60 13
601 39
601 432
601 494
601 575
601 610
601 616
601 634
601 804
601 858
601 979
602 18
60 22
60 224
602 292
602 302
602 410
602 510
602 626
60 265
602 749
602 814
60 285
602 959
603 124
603 176
603 229
603 242
603 374
603 480
603 503
603 514
603 599
603 60
603 604
603 607
603 653
603 754
603 987
604 165
604 218
604 312
604 38
604 429
604 585
604 706
604 710
604 840
604 923
604 949
604 958
605 157
605 159
605 222
605 277
605 548
605 566
60 561
605 655
605 676
60 572
605 877
606 137
60 620
606 258
606 42
606 427
606 437
606 475
606 545
606 579
606 601
606 611
606 661
606 67
606 696
606 817
606 857
606 879
606 884
606 938
607 178
607 209
607 237
607 348
607 492
607 544
607 624
607 710
607 944
608 124
608 14
608 142
608 170
608 175
608 236
608 302
608 305
608 309
60 831
608 326
608 444
608 466
60 863
608 636
608 785
608 841
60 89
60 919
609 228
609 296
609 537
609 538
609 545
60 966
609 737
609 831
609 87
609 919
610 172
610 250
610 400
610 512
610 575
610 669
610 77
610 907
610 936
610 993
611 13
611 263
611 503
611 546
611 567
611 578
611 634
611 658
611 681
6 119
611 969
611 975
61 208
612 125
612 227
61 229
612 294
612 357
612 359
612 412
612 436
612 655
612 720
612 878
613 101
61 318
613 30
613 463
613 550
61 356
613 984
614 12
614 249
614 26
614 289
614 437
614 559
614 568
614 837
614 84
614 865
614 889
614 921
615 101
615 184
615 225
615 302
615 315
615 506
615 571
61 559
616 118
616 221
616 248
616 275
616 313
616 514
616 546
616 660
616 746
616 749
6 168
616 804
616 820
616 843
6 169
616 946
616 990
61 716
617 179
617 192
617 309
617 400
617 411
617 435
617 515
617 608
617 681
617 750
617 764
617 774
617 901
617 912
618 116
618 331
618 353
618 683
618 690
618 704
618 723
618 823
618 833
618 910
618 945
619 10
619 113
619 245
619 334
619 431
61 944
61 944
61 951
619 511
619 905
619 928
620 105
620 225
620 25
620 270
620 271
620 311
620 445
620 499
620 664
620 669
620 7
620 739
620 843
620 93
620 981
621 262
62 136
621 377
621 448
621 500
621 611
621 626
621 767
621 798
622 113
622 119
622 12
622 296
622 464
622 539
622 556
622 561
622 609
622 622
622 669
622 718
622 744
622 770
622 799
623 100
623 127
623 140
623 189
623 194
623 228
623 243
623 275
623 322
623 347
623 435
623 435
623 479
623 546
62 376
623 809
62 383
623 831
623 924
623 944
623 975
624 150
624 196
62 429
62 45
62 459
624 710
624 746
624 861
624 92
625 196
625 206
625 428
625 440
62 546
625 470
625 498
625 599
625 629
625 744
625 773
625 834
625 916
625 966
625 993
626 127
626 164
626 182
626 269
626 351
626 356
626 521
626 66
626 670
626 702
626 736
627 104
627 120
627 16
627 219
627 235
627 273
627 279
627 33
62 735
62 761
627 671
627 68
627 699
627 77
627 808
62 784
627 916
627 952
627 969
628 297
628 401
628 543
628 584
628 601
628 656
628 756
628 978
629 151
629 162
629 299
629 303
629 381
629 394
629 427
629 563
629 653
629 667
629 731
629 750
629 830
629 880
629 883
629 955
630 283
630 42
630 588
630 730
630 822
630 857
630 869
630 935
630 937
631 101
631 141
631 281
631 370
631 461
631 476
631 477
631 588
631 603
631 66
6 318
631 97
632 130
632 132
632 218
632 238
632 246
632 25
632 495
632 632
632 649
632 782
632 798
632 861
632 865
632 868
633 1
633 117
633 275
633 404
633 426
633 465
633 65
633 662
633 695
633 717
633 75
633 908
634 135
634 223
634 232
634 528
634 559
634 610
63 468
634 714
634 781
634 996
635 107
635 219
635 386
635 388
63 544
635 454
635 455
635 461
635 517
635 520
635 612
635 648
635 658
635 68
635 792
635 900
636 134
636 166
636 426
636 62
636 940
636 951
636 971
637 245
637 267
637 272
637 282
63 739
637 425
637 498
6 376
637 618
637 691
637 850
637 858
637 860
638 131
638 134
638 176
638 240
638 604
638 614
638 632
638 655
638 681
638 694
638 720
638 751
638 773
638 910
638 941
639 138
639 264
639 553
639 563
639 637
639 642
639 647
639 688
639 734
639 764
639 868
639 910
640 137
640 261
640 359
640 569
640 573
640 838
640 840
640 911
641 129
641 150
641 160
641 210
641 242
641 337
641 44
641 47
641 522
641 555
641 682
641 711
64 172
641 721
641 732
641 762
641 85
642 117
6 422
642 338
642 367
642 485
642 50
642 790
642 802
642 915
64 308
643 197
643 331
643 482
643 5
64 352
643 592
643 633
643 808
643 960
643 987
6 442
644 294
644 450
644 504
644 509
644 563
6 446
644 641
644 738
644 806
644 906
64 497
644 984
645 164
645 197
645 202
645 279
645 289
645 304
645 393
645 398
645 41
645 419
645 472
64 550
64 551
645 565
645 61
645 894
646 134
646 20
646 389
646 43
646 452
64 658
646 622
646 709
646 747
646 807
646 856
646 920
64 703
647 183
647 216
647 218
647 349
647 424
647 445
647 451
647 469
647 473
647 499
647 523
647 585
647 63
647 641
64 77
647 705
647 806
647 816
647 865
64 808
648 111
648 130
648 199
648 218
648 241
648 287
648 291
648 323
648 347
648 40
64 856
648 786
648 825
648 872
648 922
648 954
64 896
648 97
649 277
649 322
649 477
649 508
649 717
649 728
649 745
649 78
649 784
649 795
649 797
650 127
650 143
650 199
650 238
650 318
650 470
650 474
650 625
650 711
650 722
650 844
650 96
650 99
650 99
651 144
651 273
651 286
651 549
651 578
65 158
65 163
651 665
651 699
651 719
65 174
651 775
651 794
651 829
651 864
651 930
65 199
652 123
652 204
652 260
652 300
65 249
652 545
652 553
652 595
652 72
652 758
652 820
652 881
652 917
652 962
652 98
652 991
65 301
653 110
653 144
653 159
653 218
653 220
653 252
653 31
65 354
653 559
653 639
653 655
653 780
653 880
653 890
653 908
653 969
654 14
654 169
654 219
654 267
65 427
654 327
654 346
654 362
654 450
654 590
654 619
654 635
654 700
65 478
654 97
655 138
655 335
655 574
655 689
655 762
655 803
655 918
656 314
656 357
656 40
65 646
656 629
656 658
656 663
656 665
656 687
656 697
656 823
656 923
657 0
657 175
657 198
657 285
657 353
657 372
657 393
65 74
657 40
657 65
657 706
657 740
657 774
657 806
657 823
657 843
657 898
658 112
658 127
658 168
658 289
658 3
658 459
658 512
658 596
658 603
658 639
658 677
659 111
65 913
659 178
659 20
659 374
659 404
659 446
659 479
659 580
659 644
659 723
659 741
659 742
659 816
659 866
659 942
659 961
660 104
660 187
660 291
660 297
660 559
660 590
660 641
660 659
660 835
660 849
660 941
6 610
661 128
661 172
661 225
661 270
661 340
661 400
661 554
6 617
661 711
661 748
661 751
661 846
661 878
661 9
661 92
661 950
662 129
662 146
662 164
662 292
662 352
662 416
66 253
662 609
662 646
662 647
662 763
66 283
662 831
662 853
662 874
662 945
662 964
663 124
663 210
66 328
663 306
663 611
663 675
663 681
663 686
66 381
663 844
663 864
664 29
664 357
664 376
664 441
664 45
664 551
664 620
664 648
664 787
664 910
664 936
664 973
664 990
664 996
664 996
665 0
665 126
665 132
665 269
665 343
665 457
665 472
66 55
665 549
665 57
6 656
665 630
665 661
665 733
665 847
665 983
666 11
666 152
666 154
666 256
666 293
666 467
666 489
666 520
666 55
666 593
666 66
666 803
667 136
667 263
667 263
667 336
667 470
66 751
667 631
667 693
667 782
667 784
667 82
667 825
667 826
668 168
668 191
668 196
668 272
668 311
668 435
668 466
668 469
668 48
668 535
668 550
668 615
668 631
668 649
668 65
668 782
6 688
668 815
668 849
668 870
66 900
669 225
669 28
669 536
669 556
669 603
669 690
669 748
669 895
669 927
670 102
670 125
670 23
670 259
670 323
670 444
670 506
670 622
670 782
670 800
670 812
670 886
670 890
671 159
671 18
671 21
671 221
671 28
6 713
671 435
671 489
67 149
671 490
671 55
67 160
671 82
671 842
671 860
671 905
671 943
671 969
671 998
672 120
672 144
672 195
672 25
672 410
672 535
672 560
672 575
672 63
672 671
672 722
672 847
672 945
673 127
673 135
673 226
673 426
673 548
67 356
673 601
673 853
673 864
673 866
673 879
673 916
674 133
674 234
67 431
674 356
674 370
674 444
674 642
674 778
674 802
675 114
675 142
675 183
675 206
675 207
67 528
67 557
675 847
675 911
676 239
676 24
676 240
676 345
676 463
676 478
676 64
676 696
676 698
676 70
676 700
676 8
676 946
676 952
676 972
677 130
677 181
677 228
677 306
677 336
67 785
677 860
677 861
677 97
678 260
678 278
678 366
678 547
678 601
678 632
678 656
678 862
67 895
678 998
679 452
679 478
679 520
679 538
679 66
679 699
679 872
680 166
680 181
680 192
680 319
680 481
680 704
681 138
681 299
681 479
681 633
681 951
682 184
68 219
682 255
682 27
682 418
682 423
682 485
682 503
682 639
682 752
682 765
68 312
683 13
683 20
683 30
683 31
683 445
683 570
683 695
683 726
683 797
683 821
683 847
683 853
683 860
683 879
683 884
683 931
683 951
683 967
684 296
684 395
684 536
684 813
684 949
68 509
685 1
685 176
685 203
685 207
68 524
685 303
685 334
685 4
685 464
685 498
685 500
685 527
685 528
685 746
685 753
685 854
68 586
686 10
686 154
686 168
686 190
686 239
686 281
686 379
686 415
686 428
686 451
686 508
686 57
686 608
68 663
686 724
686 768
686 800
686 817
686 936
687 120
687 292
68 739
687 429
687 471
687 505
687 571
687 612
687 688
687 694
687 764
687 846
687 932
68 81
688 25
688 3
68 837
688 39
688 54
68 861
688 621
688 756
688 792
688 830
688 885
68 894
688 991
6 891
689 113
689 123
689 152
689 207
689 224
689 265
689 273
689 294
689 30
689 358
689 641
689 642
689 658
689 687
689 81
689 952
690 132
690 20
690 239
690 289
690 382
690 420
690 472
690 495
690 566
690 577
690 781
690 888
69 108
691 226
691 277
691 308
691 397
691 416
691 529
69 158
691 604
691 696
691 700
691 76
691 858
691 885
691 941
69 211
692 11
692 178
692 202
692 266
692 355
692 457
692 494
692 552
692 594
692 8
692 804
692 923
692 931
693 122
693 213
693 224
693 249
693 278
693 291
693 30
693 387
693 45
693 520
693 604
693 793
693 846
693 851
693 904
693 927
694 172
694 180
694 219
694 287
694 300
694 365
694 367
694 449
694 530
69 454
694 645
695 114
695 270
695 379
695 39
695 40
695 691
695 788
695 810
695 826
695 883
695 936
696 125
696 300
696 388
696 495
696 525
696 60
696 602
696 813
696 841
69 693
696 975
697 151
697 251
697 292
697 388
697 39
697 425
697 435
697 61
697 803
697 99
698 155
698 320
698 481
698 49
698 508
698 542
698 617
698 677
698 718
698 736
698 754
698 777
698 823
698 856
698 870
698 955
699 104
699 223
699 28
699 284
699 298
6 993
699 395
699 449
699 53
699 587
699 729
699 736
699 799
699 823
699 842
699 916
700 173
700 249
700 311
700 499
700 551
700 628
700 84
700 851
700 873
701 203
701 212
701 442
701 723
701 74
701 786
70 187
70 200
702 167
70 229
702 368
702 409
702 467
702 477
702 493
70 260
702 608
702 625
702 627
702 724
702 744
702 844
702 896
702 958
70 3
703 186
703 225
703 287
703 411
703 557
703 566
703 575
703 614
703 693
703 769
703 77
703 791
703 811
703 838
703 873
703 981
704 153
704 207
704 276
704 298
704 345
704 567
704 608
704 703
704 741
704 794
704 918
704 919
704 959
705 154
705 176
705 207
705 247
705 325
705 353
705 384
705 399
705 423
705 668
705 677
705 880
705 906
705 909
705 911
70 595
706 116
70 628
706 326
706 337
706 391
706 495
706 508
706 522
706 624
706 691
706 708
706 756
706 789
706 818
706 884
707 165
707 193
707 205
707 206
707 24
70 727
707 4
707 482
707 501
70 751
707 553
707 593
707 604
707 662
70 775
707 792
707 802
707 857
707 960
708 3
708 314
708 338
708 469
708 491
708 517
708 546
708 560
708 606
708 628
708 665
708 714
708 785
708 827
708 856
708 98
709 284
70 932
709 402
70 95
709 672
709 859
709 876
710 107
710 176
710 360
710 381
7 105
710 753
710 758
710 896
710 944
710 968
71 103
711 231
71 133
711 366
711 656
711 659
711 745
711 871
711 899
711 924
712 217
712 230
712 275
712 412
712 53
712 544
712 571
712 699
712 729
712 799
712 867
712 903
712 936
71 302
713 128
713 170
713 174
713 199
713 21
71 347
713 480
713 685
713 760
713 949
713 97
714 0
71 418
714 219
714 294
714 397
71 458
714 59
714 645
714 654
714 669
71 479
71 508
715 231
715 337
715 369
715 496
715 505
715 543
715 571
716 259
716 272
716 302
716 309
716 310
716 380
716 435
716 50
716 618
716 84
716 854
716 904
71 725
71 728
717 282
717 349
717 362
717 4
717 443
717 444
717 538
717 83
717 980
718 223
71 825
718 250
718 382
718 529
718 536
718 606
718 667
718 682
718 691
718 810
718 858
718 871
71 888
718 890
718 991
719 155
719 205
719 404
719 406
719 415
719 541
719 553
719 612
71 97
719 791
71 993
719 980
720 197
720 302
720 465
720 599
720 809
720 890
720 941
721 111
721 162
721 286
72 138
721 386
721 472
721 848
721 863
721 896
721 916
721 950
721 962
721 999
722 0
722 215
722 25
722 36
722 391
722 441
722 446
722 587
722 656
722 713
722 759
722 763
722 774
722 819
722 852
722 974
723 198
723 251
723 276
723 297
723 351
723 377
723 482
723 579
723 73
723 734
723 77
723 914
723 955
723 979
724 151
724 280
724 299
724 343
724 456
724 538
724 587
724 591
724 656
724 719
724 88
724 995
72 508
725 191
725 197
725 22
725 23
725 236
72 525
725 345
725 47
725 486
725 502
725 522
725 568
72 56
725 731
725 732
725 810
725 90
725 939
725 956
72 605
726 200
726 472
72 650
726 637
726 69
726 754
72 678
726 786
726 818
726 830
726 865
726 9
726 944
726 980
72 720
727 238
727 367
727 370
727 423
72 75
727 568
727 602
727 646
727 803
727 808
727 881
727 898
727 94
728 118
728 159
728 204
728 280
72 852
728 580
728 596
728 731
72 875
728 837
728 942
729 146
729 255
729 280
729 302
729 316
729 316
729 321
729 341
729 360
729 374
729 46
729 484
729 506
729 517
729 648
729 663
729 685
729 72
729 735
729 925
729 975
730 109
730 133
730 271
730 40
730 429
730 447
730 466
730 592
730 611
730 633
730 686
730 705
730 722
730 722
730 758
730 765
730 791
730 804
730 825
730 944
730 965
731 33
731 340
731 351
731 37
731 420
731 514
731 52
731 567
731 704
731 71
731 765
731 790
731 836
731 991
73 201
732 153
73 222
732 221
732 23
732 276
732 325
732 369
732 40
732 472
732 482
732 492
732 631
732 65
7 327
732 877
732 942
73 302
73 318
733 250
733 273
733 344
733 60
733 653
733 732
733 78
733 786
733 792
733 811
733 818
733 825
733 911
73 392
73 397
733 996
734 188
734 214
734 305
734 32
734 348
734 376
734 480
734 480
734 749
734 776
734 863
734 977
734 99
73 506
73 511
735 210
735 224
735 225
735 244
735 36
735 361
735 391
735 44
735 643
735 661
735 670
735 828
735 893
73 616
736 393
736 41
736 44
736 511
736 564
736 774
736 828
736 85
737 125
737 165
73 717
737 210
737 287
737 542
73 76
737 619
737 704
73 774
737 769
737 836
737 847
737 866
738 194
738 280
738 327
738 662
738 737
738 750
73 877
738 829
738 847
738 904
738 911
738 92
738 931
738 931
738 943
739 1
739 136
739 280
739 324
739 390
739 392
739 482
739 515
739 617
739 736
739 741
739 908
739 915
739 92
739 956
740 143
740 220
740 275
740 332
740 50
740 559
740 68
740 735
740 745
740 765
740 846
741 183
74 122
741 309
741 328
741 372
741 418
74 142
741 42
741 453
74 16
741 648
741 780
741 909
741 915
741 967
742 124
742 13
742 134
742 188
742 315
742 322
74 235
742 36
742 459
74 246
742 527
742 542
742 554
742 568
742 584
742 713
74 277
742 770
742 782
742 828
742 874
742 908
74 294
74 296
743 203
743 237
74 325
743 294
743 360
743 383
743 53
743 58
743 611
743 626
743 703
743 747
743 8
743 91
744 194
744 197
744 249
744 311
744 313
744 361
744 411
744 419
744 455
744 555
744 628
744 636
744 690
744 745
744 804
744 950
74 498
745 290
745 392
745 635
745 688
745 688
74 577
745 872
746 443
746 491
746 559
746 566
746 677
74 668
746 72
746 729
746 780
746 801
74 682
746 914
746 952
747 105
747 233
747 343
747 462
747 499
747 514
747 649
747 656
747 719
747 762
747 784
747 828
747 868
747 962
74 83
7 484
748 436
748 479
748 479
74 86
748 631
748 656
74 907
749 163
749 197
749 252
749 34
749 383
749 432
749 457
749 576
74 966
749 736
749 788
749 926
750 131
750 166
750 198
750 295
750 32
750 407
750 619
750 642
750 73
7 508
750 831
750 831
750 852
750 922
750 95
750 986
750 996
750 996
751 211
751 238
751 283
751 308
751 312
751 463
751 530
75 167
751 695
751 8
751 893
751 918
751 938
751 941
751 980
752 105
752 120
752 136
752 230
75 225
752 261
75 233
752 478
752 528
752 568
752 664
752 691
752 755
75 276
752 796
752 849
752 898
753 119
753 127
753 150
753 156
75 316
753 180
753 188
753 235
753 266
753 27
75 330
753 370
753 408
75 358
753 590
753 667
753 679
753 680
753 702
753 797
753 863
753 906
75 396
75 398
754 224
754 266
754 301
754 308
754 352
754 510
754 774
754 813
754 825
754 945
755 104
755 165
755 170
755 200
755 23
755 381
755 439
755 495
755 525
755 535
755 559
755 573
75 566
755 74
755 813
755 96
75 602
756 110
756 137
756 164
756 17
756 205
756 46
756 49
756 518
756 527
756 569
756 678
756 713
756 715
75 680
756 829
756 887
756 904
757 164
757 165
757 195
757 218
757 778
75 79
757 96
75 797
757 978
757 99
75 806
75 808
758 109
75 820
758 285
758 353
758 434
75 847
758 604
758 774
75 882
758 834
759 105
759 169
759 177
759 184
759 247
759 265
759 42
759 431
759 440
759 473
759 484
759 576
759 598
75 974
759 764
759 784
759 799
759 806
759 826
759 875
759 980
760 149
760 284
760 469
760 574
760 580
760 589
760 598
760 79
761 145
761 193
761 206
761 365
761 47
761 499
761 538
761 588
761 684
761 709
761 713
761 836
761 908
762 110
762 188
762 193
762 216
762 251
762 493
762 509
762 610
762 857
763 133
763 296
763 352
763 395
763 418
763 42
763 511
763 617
763 688
763 716
763 796
763 815
763 830
76 389
763 951
763 956
763 988
764 10
764 158
764 212
764 31
764 389
764 678
764 695
76 478
764 834
764 843
76 490
764 949
764 959
764 978
76 512
765 174
765 538
765 549
765 553
76 556
765 61
765 726
765 78
765 923
765 948
765 97
766 11
76 630
766 302
766 392
766 405
766 502
766 534
766 592
766 618
766 7
766 708
766 714
766 72
766 847
766 857
766 924
766 949
766 963
767 21
767 409
767 576
767 58
767 618
767 679
767 741
767 768
767 837
76 787
767 974
768 202
768 228
768 277
768 320
768 459
76 851
76 854
768 64
768 646
768 77
768 773
76 892
769 114
769 127
769 237
769 381
769 387
769 505
769 662
769 808
769 850
769 921
769 98
770 169
770 253
770 277
770 401
770 470
770 508
770 664
770 784
770 867
771 109
771 117
771 162
771 258
771 33
771 332
771 344
771 42
771 561
771 69
771 750
771 830
771 899
77 215
772 251
772 332
772 412
772 54
772 545
772 562
772 574
772 636
77 276
77 280
772 823
772 828
772 837
772 858
772 893
772 940
772 968
772 980
773 103
77 316
773 180
773 183
773 191
773 232
773 29
773 342
773 43
773 545
773 578
773 681
773 716
773 746
773 824
773 849
773 950
773 962
774 136
774 155
774 2
77 433
774 574
774 62
77 464
774 668
774 856
775 155
775 212
775 322
775 361
775 478
775 671
775 688
775 7
775 74
775 823
775 975
776 143
776 280
776 335
776 384
776 406
776 435
776 435
776 446
776 490
77 665
776 673
77 674
776 753
776 786
776 797
776 817
776 838
77 706
777 1
777 105
777 15
777 247
777 266
777 345
777 451
777 506
777 555
777 739
777 739
777 810
777 815
777 840
777 854
777 896
77 796
777 993
778 347
778 37
778 378
778 39
778 576
778 609
778 609
778 619
778 695
779 165
779 169
77 920
779 251
779 374
779 4
779 409
779 457
779 661
779 684
779 784
779 902
780 180
780 341
780 430
780 436
780 502
780 504
780 621
780 910
781 217
781 262
781 435
781 47
7 815
781 541
781 572
781 630
781 636
781 796
78 185
781 932
782 161
782 268
782 343
782 510
782 580
782 635
782 907
78 292
783 0
783 163
783 180
783 318
783 353
783 436
783 620
78 372
783 720
783 728
783 829
783 857
783 921
783 934
783 965
78 400
784 108
78 414
784 142
784 197
784 257
784 269
784 330
784 47
784 54
784 608
784 61
784 653
784 673
784 834
784 846
784 917
784 975
78 498
784 987
785 115
785 117
785 130
785 149
78 520
785 240
785 240
785 295
78 531
785 350
785 361
785 403
78 557
785 597
785 692
78 572
785 992
786 202
786 343
786 396
786 427
786 655
786 696
786 769
78 71
787 212
787 29
787 343
7 874
787 510
787 530
787 535
787 574
787 602
787 670
787 702
787 767
787 940
788 381
788 567
788 652
78 87
788 762
788 856
788 862
788 87
789 224
789 361
78 937
789 440
789 452
789 558
789 613
789 752
789 792
789 980
790 193
790 319
790 399
790 429
790 456
790 474
790 493
790 527
790 537
790 545
790 572
790 615
790 624
790 80
790 957
79 137
791 466
791 538
791 619
791 655
791 664
79 182
79 193
791 938
791 941
791 948
791 975
792 198
792 215
79 238
792 407
792 565
792 602
792 726
792 801
792 954
793 262
793 420
793 441
793 537
793 616
793 790
793 791
793 815
793 959
793 999
794 250
794 399
794 420
794 554
794 58
794 74
794 768
794 796
794 833
794 876
794 913
794 918
795 0
79 505
795 16
795 19
795 239
795 274
795 355
79 552
795 572
795 743
795 761
795 890
795 998
796 10
796 256
796 354
79 645
796 539
796 807
796 893
797 130
797 143
797 218
79 736
797 418
797 475
797 512
797 518
797 708
797 747
797 771
797 786
798 184
798 249
798 309
798 443
798 448
798 459
798 506
798 512
79 861
798 622
798 630
798 660
798 686
798 703
798 810
798 828
798 883
798 888
79 891
798 924
798 986
798 990
799 138
799 167
799 169
799 172
799 222
799 230
799 262
799 290
79 941
79 942
799 42
799 449
799 475
79 949
79 953
799 567
799 770
799 787
799 83
799 916
799 926
79 994
799 964
800 124
800 249
800 260
800 274
800 652
800 656
800 697
800 848
800 866
800 867
801 143
801 234
801 243
801 447
801 470
801 496
801 559
80 159
801 629
80 173
801 866
801 879
801 898
801 976
802 138
802 157
802 236
80 224
802 316
802 436
802 484
802 498
802 510
802 529
802 546
802 775
802 909
802 928
802 99
803 123
803 208
80 323
803 244
80 328
803 372
803 638
803 645
803 774
803 864
803 9
803 931
803 949
804 142
804 171
804 247
804 268
804 369
804 439
804 468
804 490
804 493
804 941
805 215
80 53
805 311
80 536
805 445
805 560
805 627
805 670
805 700
805 775
805 778
805 962
805 966
806 113
806 114
806 124
806 14
806 247
806 286
80 645
806 458
806 633
806 665
806 710
806 774
806 85
806 889
806 916
806 932
806 984
80 715
807 190
807 276
807 346
807 347
807 389
807 428
807 521
807 590
807 631
807 825
807 859
808 125
808 180
808 255
808 299
808 307
808 454
80 856
80 857
808 639
808 694
80 875
808 761
808 838
808 86
808 917
808 938
809 160
809 223
80 924
80 929
809 29
809 335
809 474
809 479
809 580
809 692
810 138
810 269
810 359
810 362
810 374
810 424
810 668
810 697
810 928
810 940
810 961
811 100
811 133
811 144
811 237
811 287
811 395
811 408
81 142
811 425
811 531
811 723
811 877
81 189
811 951
812 125
812 260
812 282
812 367
812 565
812 574
812 763
812 911
812 953
812 966
812 969
813 109
813 14
813 218
813 316
813 734
813 75
813 768
813 789
813 82
813 889
813 920
81 394
814 151
814 195
814 318
814 34
814 512
814 587
814 60
814 640
814 649
814 655
814 714
814 744
814 802
81 482
814 822
814 884
814 992
814 999
815 11
815 150
815 157
815 189
815 200
81 528
815 285
81 531
815 334
81 543
815 57
815 631
815 692
815 939
815 952
816 103
816 162
81 632
816 600
816 689
816 704
816 828
816 868
816 973
817 2
817 292
817 309
817 325
817 446
817 460
817 575
817 582
817 691
817 721
81 781
817 911
817 915
818 187
818 295
818 335
818 523
818 628
818 754
818 762
818 829
818 846
818 980
819 166
819 185
819 192
819 2
819 248
819 355
819 413
819 419
819 503
819 608
81 964
819 743
819 769
820 214
820 23
820 250
820 353
820 476
820 489
820 697
820 784
820 797
820 80
820 836
820 845
820 904
820 93
820 969
820 994
821 180
821 220
821 376
821 415
821 566
821 60
821 600
821 602
821 834
82 185
821 858
821 878
821 891
822 132
822 159
822 211
822 246
822 428
822 43
822 52
822 599
822 752
822 827
822 844
822 849
822 864
822 916
822 939
822 978
823 102
823 131
823 15
823 175
823 254
823 28
823 379
823 484
82 349
823 507
823 544
823 705
82 371
823 802
823 85
823 880
823 940
824 237
824 240
82 429
824 415
824 519
824 693
82 473
824 791
824 795
824 871
824 942
824 96
825 104
825 121
825 259
825 541
825 800
825 895
825 897
825 935
825 954
82 608
826 240
826 279
826 403
826 643
826 777
826 798
826 964
827 142
827 225
827 288
82 736
82 757
827 609
827 658
827 740
827 779
827 946
827 948
827 98
828 11
828 122
828 175
828 180
828 207
828 504
828 510
828 518
828 534
828 553
828 615
828 630
828 630
82 878
828 780
828 902
828 909
82 907
829 103
82 913
829 328
829 389
829 408
829 656
829 805
829 845
829 913
829 994
830 16
830 214
830 402
830 420
830 442
830 489
830 896
830 998
831 148
831 170
831 545
831 551
831 592
831 674
831 679
831 722
831 865
831 880
831 910
831 972
832 130
832 152
832 282
832 383
832 456
832 461
832 5
832 504
83 270
832 747
832 805
832 894
832 9
832 963
833 142
833 25
833 332
833 356
833 359
833 382
833 414
833 446
833 45
83 362
833 620
833 719
833 853
833 887
833 891
833 927
83 399
833 997
834 127
834 152
834 186
834 194
834 204
834 216
834 256
834 314
834 327
834 382
834 583
834 589
83 464
83 466
834 669
834 693
83 476
83 507
835 21
835 289
835 349
83 54
835 450
835 464
835 541
835 581
835 589
835 589
835 618
835 659
835 726
83 589
835 904
835 949
83 607
836 140
836 148
836 159
836 177
836 367
836 397
83 64
836 441
836 499
836 526
836 553
836 568
836 719
836 738
836 818
836 870
836 895
836 900
837 295
837 30
837 399
837 616
837 623
837 667
8 377
837 714
837 761
837 873
837 893
837 973
838 144
838 254
838 309
838 435
838 478
838 532
838 585
838 64
838 653
838 669
838 672
838 695
838 739
838 810
838 84
838 873
838 881
838 882
838 89
838 927
838 966
838 978
839 103
839 135
839 196
839 228
839 491
839 701
839 780
839 821
839 92
839 949
839 993
8 400
840 104
840 122
840 237
840 377
840 390
840 400
840 474
840 547
840 655
840 733
840 795
840 825
840 86
840 885
841 190
841 293
841 339
841 563
841 575
841 716
841 790
841 799
841 827
841 837
841 94
841 951
841 98
842 149
842 358
842 361
842 379
842 38
842 383
842 423
84 275
842 773
842 836
84 288
842 994
8 43
84 303
843 116
84 314
843 147
843 182
843 23
843 347
843 364
843 413
843 535
84 354
843 613
843 647
843 648
843 746
843 897
843 964
844 311
844 432
844 591
844 787
844 839
845 190
845 223
845 357
845 390
845 439
845 470
845 550
845 58
845 70
845 78
845 8
845 839
845 881
845 978
845 999
8 46
846 238
846 333
846 438
846 440
846 473
846 593
846 702
846 705
846 814
846 985
84 701
84 724
847 29
847 32
847 595
847 614
847 664
847 734
847 780
847 796
847 900
847 976
848 154
84 816
848 178
848 24
848 335
848 336
848 358
84 839
848 423
84 844
848 464
848 518
848 521
848 56
848 597
84 861
848 707
848 771
848 828
848 870
849 128
849 143
849 179
849 298
849 312
849 351
849 405
849 413
849 463
849 470
849 483
849 558
84 967
849 792
849 834
849 863
849 909
849 935
849 951
849 972
850 273
850 33
850 555
850 820
850 844
850 889
850 910
850 976
850 992
851 204
851 237
851 27
851 30
851 302
851 33
851 454
851 560
851 612
851 665
851 679
851 694
851 780
851 819
851 885
852 208
852 342
852 361
852 390
852 491
852 587
852 605
852 659
852 704
852 750
852 885
852 889
8 531
853 164
853 188
853 244
853 439
853 449
853 627
853 635
853 743
853 765
853 859
853 959
853 993
854 141
854 182
854 255
854 283
854 30
854 347
854 457
854 472
85 448
854 789
854 801
854 905
854 924
854 934
854 976
855 134
855 172
855 242
855 289
85 538
855 529
855 624
855 754
855 762
855 773
855 81
855 904
855 915
855 996
856 1
85 617
856 233
856 316
856 462
856 499
856 84
856 87
856 905
856 981
85 7
85 700
857 113
857 178
857 2
857 239
857 25
857 311
857 324
857 430
857 528
857 536
857 610
857 615
857 681
85 769
857 726
857 778
857 842
857 883
857 928
857 979
8 580
85 804
858 152
858 275
858 474
858 495
858 573
85 863
858 758
858 8
85 880
858 820
858 848
858 906
858 92
858 923
859 189
859 194
859 263
859 352
859 402
85 947
859 482
859 486
859 539
859 564
859 606
859 712
859 815
859 831
859 883
85 989
860 195
860 259
860 265
860 430
860 471
860 610
860 652
860 661
860 768
8 609
861 130
861 133
861 179
861 214
861 43
861 450
861 588
861 684
86 169
8 618
861 882
862 145
862 314
862 324
862 41
862 700
862 745
862 857
862 876
862 969
863 149
863 383
863 450
863 490
863 553
863 554
863 64
863 730
863 806
863 874
863 896
863 9
863 901
863 927
863 954
864 101
864 114
864 133
864 160
864 167
864 234
864 261
864 293
864 365
864 38
86 445
864 457
864 558
86 460
864 698
864 730
864 78
864 812
86 509
865 108
865 129
86 527
8 654
8 655
865 593
865 600
865 603
86 576
865 834
865 895
8 659
866 128
866 156
866 380
866 42
866 424
866 505
866 700
866 702
866 729
866 768
866 879
866 937
866 939
866 969
867 16
867 293
86 735
867 360
867 436
867 45
867 514
867 55
867 611
867 666
867 735
867 756
867 933
868 134
868 161
868 200
868 41
86 853
868 759
868 882
868 926
868 95
868 984
869 102
869 360
869 436
869 463
869 56
869 674
869 779
869 865
869 904
869 947
869 969
869 974
870 145
870 213
870 304
870 318
870 347
870 579
870 799
870 8
871 127
871 392
871 401
871 429
871 47
871 476
871 712
87 18
871 969
87 227
872 335
872 434
872 518
872 708
872 71
872 840
872 96
872 96
873 182
873 247
873 349
873 375
873 402
873 574
873 658
873 772
873 87
874 128
874 157
874 164
874 21
874 281
874 32
874 453
87 446
874 482
874 560
87 457
874 62
874 778
874 880
874 910
874 936
875 120
875 139
875 21
875 311
875 36
875 400
875 491
875 690
875 759
87 582
875 869
875 967
875 98
876 41
876 410
876 457
876 618
876 659
876 751
876 765
876 869
876 884
876 961
877 188
87 733
877 480
877 513
877 890
877 916
878 250
878 333
878 624
878 840
878 86
878 927
879 122
87 921
879 239
879 319
879 618
879 685
879 712
879 721
879 836
879 846
87 986
87 993
879 982
880 204
880 611
880 655
880 86
880 969
881 168
881 205
881 286
881 41
881 43
881 479
881 501
881 502
881 537
881 582
88 160
88 162
881 644
881 646
881 673
8 817
881 717
881 856
881 88
881 902
881 951
881 963
882 178
8 822
882 334
882 541
882 587
882 807
882 938
882 972
882 977
883 133
883 144
88 320
883 246
883 260
883 289
88 335
883 469
883 509
883 533
883 594
883 622
883 703
883 898
88 395
884 116
884 117
884 14
884 15
884 431
884 44
884 488
88 460
884 757
884 84
884 846
88 485
884 919
88 496
884 997
885 140
88 521
885 216
885 272
885 654
885 832
885 854
885 887
8 859
886 168
88 623
886 270
886 43
886 483
886 521
886 568
886 807
886 814
886 815
886 911
88 7
887 105
887 133
887 141
887 20
887 325
887 359
887 363
887 386
887 575
88 764
88 77
887 794
887 84
887 876
888 121
888 14
888 141
888 174
888 249
888 287
888 294
888 340
888 342
888 455
88 868
888 737
888 768
888 939
889 210
889 287
889 35
889 350
889 433
889 518
889 558
889 676
889 70
889 722
88 974
889 871
890 177
890 245
890 406
890 509
890 581
890 721
890 79
890 811
891 175
891 18
891 181
891 25
89 140
891 454
891 460
891 507
891 519
891 624
891 645
891 675
891 76
891 879
891 880
891 900
892 216
892 269
892 37
8 924
89 240
89 240
892 434
892 547
892 554
892 787
892 849
892 871
892 878
89 302
893 194
893 270
893 361
893 434
89 357
893 67
893 70
893 841
893 841
893 859
893 878
894 112
894 144
894 152
894 177
894 27
89 434
894 641
894 793
894 793
894 806
894 875
89 490
894 912
894 964
895 156
895 157
895 16
895 198
895 267
895 369
895 460
895 524
895 584
895 662
895 711
895 751
895 781
895 874
895 891
895 949
895 954
896 11
896 162
896 221
896 248
896 374
896 432
896 436
896 449
896 476
896 489
896 557
896 585
896 866
896 874
896 941
896 954
897 110
897 241
897 250
897 374
897 432
897 540
897 56
897 695
897 739
897 746
897 863
89 806
898 132
898 14
898 183
898 216
89 826
898 343
898 4
898 441
89 846
898 521
898 524
898 524
898 595
898 6
898 699
898 803
898 819
898 872
898 881
899 138
899 180
899 47
899 512
899 550
899 579
899 61
900 104
900 121
900 124
900 218
900 231
900 271
900 278
900 312
900 326
900 607
900 609
900 698
900 788
900 805
900 809
900 822
900 848
900 916
900 973
901 168
901 171
90 12
901 284
901 451
901 460
901 637
901 648
901 689
901 689
901 695
901 751
901 80
901 803
901 817
901 833
901 880
902 180
902 215
902 286
902 30
902 460
902 483
902 687
902 816
90 306
903 16
903 456
903 458
903 718
903 741
903 758
904 118
904 185
904 214
904 247
904 271
904 304
904 38
904 59
904 690
904 695
904 728
904 797
904 882
904 885
904 887
904 894
904 965
905 116
905 126
905 256
905 29
905 315
905 395
905 428
905 434
905 492
905 58
905 660
905 671
905 703
905 727
905 790
905 82
905 882
905 901
905 943
906 20
906 42
906 436
906 468
906 498
906 566
906 577
906 592
906 636
906 710
906 718
906 750
90 68
90 685
906 889
906 892
906 91
907 16
907 175
90 72
907 290
907 347
907 359
907 382
907 439
907 531
90 756
907 602
907 633
907 649
907 69
907 732
907 745
907 748
907 761
907 806
907 989
908 104
908 20
908 236
908 285
90 834
908 369
90 838
908 398
90 843
908 570
908 58
908 607
908 751
908 78
908 818
908 925
90 898
909 130
909 227
909 248
909 294
909 317
90 936
90 948
909 480
909 517
909 563
909 711
909 734
909 797
909 799
90 986
909 945
909 952
910 109
910 160
910 268
910 375
910 512
910 55
910 640
910 670
910 676
910 815
910 835
910 853
910 87
910 953
911 288
911 30
911 397
911 402
911 7
911 720
911 755
911 809
911 813
91 182
911 881
91 216
9 122
91 223
912 316
912 324
912 382
912 491
912 533
912 550
912 662
912 731
912 74
912 740
912 792
912 807
912 812
912 831
91 286
913 161
913 241
913 253
913 298
913 309
913 417
913 474
913 477
913 556
913 618
913 620
913 756
913 798
913 993
914 105
914 114
914 405
914 466
914 472
91 449
914 605
914 608
914 609
914 629
91 463
914 655
914 682
914 750
914 789
914 832
914 875
914 942
914 989
915 136
915 240
915 264
915 266
915 311
9 154
91 541
91 57
915 712
915 773
915 86
915 894
915 915
915 942
916 110
916 291
916 379
916 403
916 446
91 651
916 534
916 535
916 536
916 617
916 863
916 954
916 955
916 956
916 99
917 146
917 160
917 183
91 720
917 209
917 227
917 254
91 729
91 734
917 361
917 54
917 565
917 57
917 722
917 907
917 941
917 995
918 149
918 183
918 205
918 279
918 3
918 409
918 425
918 460
918 654
918 759
918 959
91 897
919 13
919 18
919 198
919 226
919 278
919 325
919 4
919 645
919 705
919 760
919 827
919 867
919 900
919 969
920 130
920 139
920 279
920 315
920 345
920 478
920 590
920 61
920 646
920 685
920 705
920 738
920 799
920 883
920 888
920 924
921 102
921 170
921 232
921 358
921 394
921 600
921 616
921 621
921 631
921 65
921 709
921 795
921 817
921 91
921 958
921 973
922 184
922 217
922 312
922 406
922 443
92 247
922 57
92 265
922 664
922 705
922 780
922 815
922 825
922 858
922 870
922 874
922 898
922 943
922 967
923 189
923 195
923 209
923 229
923 358
923 386
923 530
923 617
923 875
92 389
92 39
923 932
923 944
923 99
92 406
924 115
92 416
924 342
924 362
924 426
924 462
924 543
924 547
924 552
9 246
924 622
924 675
92 475
924 887
92 49
925 123
925 154
925 156
925 16
925 168
925 189
925 247
925 259
925 267
92 532
925 323
925 468
925 764
926 171
926 229
926 342
926 390
926 422
926 504
926 56
926 614
926 683
926 694
926 736
926 826
926 865
926 907
926 926
927 177
927 279
927 288
927 393
927 455
92 748
927 481
927 498
92 776
927 802
927 836
927 866
927 913
927 968
928 101
928 167
92 821
928 253
928 278
928 288
928 289
928 329
928 470
92 858
928 730
928 737
928 8
928 928
928 980
929 100
929 154
92 932
929 329
92 939
929 469
929 534
929 729
929 830
929 919
929 989
930 143
930 146
930 147
930 196
930 242
930 398
930 480
930 568
930 671
930 752
930 902
930 977
931 126
931 165
931 199
931 402
931 410
931 418
931 46
931 461
931 505
931 519
93 157
931 629
931 692
931 695
931 719
931 743
931 799
93 189
931 900
931 924
931 949
932 106
932 285
932 367
93 241
932 716
932 721
932 803
932 932
932 973
933 223
93 325
933 320
933 366
933 442
933 485
933 50
93 352
933 657
933 684
933 793
933 860
933 982
934 124
934 163
934 333
934 467
934 546
934 595
934 595
934 632
934 633
934 726
934 737
934 75
934 773
934 911
934 94
934 954
934 956
935 161
935 184
935 3
935 36
935 404
935 415
935 430
935 650
935 668
935 717
935 737
935 768
935 803
935 923
936 4
936 404
936 525
936 526
936 533
936 546
936 55
936 569
936 584
936 698
936 766
936 789
936 808
936 988
937 102
937 116
937 129
937 234
937 237
937 272
937 286
937 380
9 374
937 459
937 524
937 561
937 571
937 787
937 847
937 913
937 921
937 952
937 963
938 191
938 219
938 279
938 383
938 547
938 569
938 581
938 600
938 631
938 632
938 799
938 875
938 893
939 286
93 936
939 445
939 456
93 955
939 57
939 579
939 698
93 972
939 747
939 749
939 866
939 881
939 889
939 912
940 102
940 176
940 193
940 213
940 235
940 28
940 281
940 453
940 607
940 62
940 666
940 832
940 945
940 977
941 177
941 179
941 215
941 271
941 308
941 395
941 480
941 507
941 541
941 599
941 751
941 792
941 88
942 335
942 395
942 433
942 44
942 45
94 247
942 504
942 690
942 764
942 865
942 989
943 106
943 380
943 382
943 420
943 423
943 471
943 772
943 795
943 894
94 39
943 928
943 928
9 44
94 40
944 165
944 283
944 288
944 411
944 488
944 537
944 833
944 946
945 105
945 135
945 138
945 178
945 183
945 229
945 288
945 348
945 414
945 42
945 422
945 469
945 534
945 58
9 456
945 69
945 744
945 773
945 793
945 985
94 604
946 116
946 190
946 20
946 233
946 279
94 631
946 432
946 513
946 572
946 614
946 696
946 727
946 894
947 127
947 145
947 153
947 188
947 297
947 315
947 315
947 334
94 737
947 555
94 756
947 596
947 648
947 754
947 892
947 931
94 804
94 806
948 393
948 507
948 511
94 865
94 87
948 743
948 756
948 766
948 849
94 886
949 129
949 13
949 236
949 258
949 452
949 621
949 668
949 676
949 939
950 19
950 273
950 287
950 30
950 316
950 489
950 505
950 539
950 553
950 557
950 614
950 621
950 661
950 681
950 775
950 837
95 105
951 192
951 298
951 446
951 721
951 842
951 846
952 177
952 211
952 396
95 241
952 658
9 528
952 871
95 29
952 95
952 957
952 988
953 237
953 318
95 333
953 374
95 359
953 638
953 734
953 760
953 820
953 952
953 965
953 984
954 165
954 179
954 332
954 347
954 697
954 777
954 834
954 909
954 947
955 104
955 144
955 157
955 17
955 30
955 383
955 447
955 492
955 691
955 697
955 786
955 79
955 806
955 813
955 828
955 88
955 881
955 961
956 167
956 193
956 206
956 289
95 632
956 7
956 728
95 68
956 909
95 692
956 953
957 16
957 17
957 179
957 277
957 288
957 338
957 392
957 425
957 467
957 47
957 520
957 56
957 720
957 735
957 74
957 765
957 785
95 813
958 155
958 161
958 317
958 44
958 443
958 603
958 628
958 796
95 881
958 81
958 968
95 919
959 200
959 241
959 250
959 425
959 511
959 529
959 614
959 62
959 670
959 711
959 82
959 834
95 990
959 90
959 962
959 989
960 253
960 264
960 268
960 296
960 335
960 686
960 829
960 982
960 998
961 14
961 148
961 164
961 20
961 225
961 234
961 267
961 271
961 281
961 285
961 339
96 137
961 405
96 145
961 476
961 509
961 520
961 550
961 592
961 602
961 716
961 832
961 880
961 905
961 948
96 199
96 204
962 129
962 13
962 315
962 320
96 234
962 446
962 480
962 488
962 574
962 597
962 62
962 643
962 669
962 678
962 684
962 715
962 734
962 928
962 967
963 120
963 140
96 316
963 30
963 32
963 324
963 432
963 483
963 506
963 54
963 549
963 585
963 59
963 648
963 731
96 380
963 962
964 125
964 195
964 212
964 243
964 248
964 380
964 384
96 440
964 472
964 523
964 621
964 73
964 971
965 16
965 174
965 385
965 444
965 479
965 51
965 556
965 632
965 923
96 60
966 112
966 189
966 250
966 290
966 371
966 391
96 640
966 426
966 439
966 873
966 88
966 924
966 953
966 976
96 701
96 714
967 241
967 254
967 32
967 350
967 36
967 456
967 49
967 507
967 671
967 72
967 739
967 919
96 805
968 100
968 101
968 139
968 219
968 257
968 277
968 293
968 315
96 838
968 463
968 490
968 5
968 596
968 601
968 652
968 716
968 764
968 766
96 88
96 880
968 898
968 925
968 939
968 983
969 26
969 265
969 407
969 412
969 739
969 892
9 699
96 99
970 376
970 632
970 720
970 749
970 79
970 916
970 961
97 115
971 189
971 300
971 37
971 433
97 15
971 612
971 644
97 169
971 841
971 991
972 107
972 230
972 354
972 549
972 636
972 868
972 914
973 444
97 349
973 569
973 577
973 625
973 647
973 696
9 737
973 740
97 375
973 772
973 779
973 899
973 970
97 415
974 16
974 207
974 224
974 232
97 437
974 437
974 455
974 565
974 581
974 686
974 714
974 867
974 878
97 498
975 192
975 230
975 265
975 366
9 754
975 434
975 539
975 811
975 889
975 90
97 593
975 939
975 949
976 117
976 163
976 211
976 215
97 63
976 30
976 309
97 632
976 722
976 846
976 89
976 9
976 968
97 706
977 127
977 310
977 312
977 356
977 524
977 626
977 634
977 676
977 758
977 782
977 870
977 913
978 109
978 4
978 666
978 745
978 781
978 787
978 815
978 863
978 895
97 89
978 913
979 111
979 156
979 196
97 939
979 390
979 736
979 834
979 921
979 943
980 20
980 304
980 389
980 420
980 573
980 62
980 677
980 94
981 126
981 233
981 299
981 632
981 644
981 67
981 783
98 218
982 322
982 353
982 438
982 439
982 463
982 575
982 63
982 67
982 705
982 735
982 82
982 946
983 237
983 336
983 448
983 466
983 475
983 488
98 35
983 524
983 542
983 589
983 637
983 738
983 739
983 815
983 825
983 831
983 881
983 894
98 392
983 999
984 138
984 360
984 361
984 488
984 67
984 877
984 926
984 94
9 85
985 10
985 32
985 325
985 403
985 405
985 439
985 633
985 738
985 805
985 897
986 137
986 145
98 619
986 19
986 2
986 351
986 475
986 596
986 645
986 650
986 657
98 678
986 834
98 684
986 935
987 137
987 419
987 430
987 469
987 604
987 685
987 704
987 834
987 860
987 918
987 957
988 210
988 327
98 857
988 620
988 650
988 747
988 776
988 795
988 854
989 245
989 26
989 303
989 334
989 401
989 408
989 416
989 480
989 526
989 6
989 768
989 797
989 89
990 125
990 262
990 313
990 47
990 517
990 52
990 529
990 566
990 595
990 690
990 700
990 704
990 726
990 814
990 872
990 942
991 12
991 176
991 249
991 331
991 366
991 463
991 503
991 521
991 550
991 682
991 734
99 184
991 889
991 90
991 926
991 958
991 959
99 20
992 194
992 240
992 262
99 231
992 362
992 493
992 530
992 596
992 61
992 851
992 887
992 950
992 979
992 988
993 163
99 321
993 25
993 503
993 54
993 656
993 661
993 705
993 822
993 850
994 150
994 351
994 455
994 484
99 453
994 661
994 71
994 788
99 484
994 855
994 875
995 133
995 193
99 520
995 223
995 42
995 463
995 709
995 728
99 583
995 844
99 601
996 116
99 613
996 176
996 216
996 316
996 333
996 356
996 387
996 569
996 58
996 629
996 654
996 886
996 896
996 911
996 916
996 944
996 995
99 700
99 703
997 185
997 214
997 282
997 313
997 399
997 495
997 52
997 565
997 573
997 624
997 633
997 651
9 977
997 834
997 91
997 956
998 125
998 276
998 315
998 466
99 847
998 521
998 568
998 595
998 624
998 662
998 710
998 723
998 786
998 820
998 845
998 933
998 975
999 103
999 333
999 39
999 476
999 591
999 667
999 718
999 804
999 854
